health region,type of service,occupation,contents,year,value
Helse Vest RHF,Total,"Man years, total",Contracted man-years unadjusted for long term leaves,2008,NA
Helse Vest RHF,Total,"Man years, total",Contracted man-years unadjusted for long term leaves,2020,NA
Helse Vest RHF,Total,"Man years, total",Contracted man-years unadjusted for long term leaves,2021,NA
Helse Vest RHF,Total,"Man years, total",Contracted man-years adjusted for long term leaves per 1 000 inhabitants,2008,NA
Helse Vest RHF,Total,"Man years, total",Contracted man-years adjusted for long term leaves per 1 000 inhabitants,2020,NA
Helse Vest RHF,Total,"Man years, total",Contracted man-years adjusted for long term leaves per 1 000 inhabitants,2021,NA
Helse Vest RHF,Total,"Man years, total",Employed persons per 1 000 inhabitants,2008,NA
Helse Vest RHF,Total,"Man years, total",Employed persons per 1 000 inhabitants,2020,NA
Helse Vest RHF,Total,"Man years, total",Employed persons per 1 000 inhabitants,2021,NA
Helse Vest RHF,Total,"Service, technical  and/or operating procedures",Contracted man-years unadjusted for long term leaves,2008,NA
Helse Vest RHF,Total,"Service, technical  and/or operating procedures",Contracted man-years unadjusted for long term leaves,2020,NA
Helse Vest RHF,Total,"Service, technical  and/or operating procedures",Contracted man-years unadjusted for long term leaves,2021,NA
Helse Vest RHF,Total,"Service, technical  and/or operating procedures",Contracted man-years adjusted for long term leaves per 1 000 inhabitants,2008,NA
Helse Vest RHF,Total,"Service, technical  and/or operating procedures",Contracted man-years adjusted for long term leaves per 1 000 inhabitants,2020,NA
Helse Vest RHF,Total,"Service, technical  and/or operating procedures",Contracted man-years adjusted for long term leaves per 1 000 inhabitants,2021,NA
Helse Vest RHF,Total,"Service, technical  and/or operating procedures",Employed persons per 1 000 inhabitants,2008,NA
Helse Vest RHF,Total,"Service, technical  and/or operating procedures",Employed persons per 1 000 inhabitants,2020,NA
Helse Vest RHF,Total,"Service, technical  and/or operating procedures",Employed persons per 1 000 inhabitants,2021,NA
Helse Vest RHF,Total,Other occupations,Contracted man-years unadjusted for long term leaves,2008,NA
Helse Vest RHF,Total,Other occupations,Contracted man-years unadjusted for long term leaves,2020,NA
Helse Vest RHF,Total,Other occupations,Contracted man-years unadjusted for long term leaves,2021,NA
Helse Vest RHF,Total,Other occupations,Contracted man-years adjusted for long term leaves per 1 000 inhabitants,2008,NA
Helse Vest RHF,Total,Other occupations,Contracted man-years adjusted for long term leaves per 1 000 inhabitants,2020,NA
Helse Vest RHF,Total,Other occupations,Contracted man-years adjusted for long term leaves per 1 000 inhabitants,2021,NA
Helse Vest RHF,Total,Other occupations,Employed persons per 1 000 inhabitants,2008,NA
Helse Vest RHF,Total,Other occupations,Employed persons per 1 000 inhabitants,2020,NA
Helse Vest RHF,Total,Other occupations,Employed persons per 1 000 inhabitants,2021,NA
Helse Vest RHF,Ambulance service,"Man years, total",Contracted man-years unadjusted for long term leaves,2008,NA
Helse Vest RHF,Ambulance service,"Man years, total",Contracted man-years unadjusted for long term leaves,2020,NA
Helse Vest RHF,Ambulance service,"Man years, total",Contracted man-years unadjusted for long term leaves,2021,NA
Helse Vest RHF,Ambulance service,"Man years, total",Contracted man-years adjusted for long term leaves per 1 000 inhabitants,2008,NA
Helse Vest RHF,Ambulance service,"Man years, total",Contracted man-years adjusted for long term leaves per 1 000 inhabitants,2020,NA
Helse Vest RHF,Ambulance service,"Man years, total",Contracted man-years adjusted for long term leaves per 1 000 inhabitants,2021,NA
Helse Vest RHF,Ambulance service,"Man years, total",Employed persons per 1 000 inhabitants,2008,NA
Helse Vest RHF,Ambulance service,"Man years, total",Employed persons per 1 000 inhabitants,2020,NA
Helse Vest RHF,Ambulance service,"Man years, total",Employed persons per 1 000 inhabitants,2021,NA
Helse Vest RHF,Ambulance service,"Service, technical  and/or operating procedures",Contracted man-years unadjusted for long term leaves,2008,NA
Helse Vest RHF,Ambulance service,"Service, technical  and/or operating procedures",Contracted man-years unadjusted for long term leaves,2020,NA
Helse Vest RHF,Ambulance service,"Service, technical  and/or operating procedures",Contracted man-years unadjusted for long term leaves,2021,NA
Helse Vest RHF,Ambulance service,"Service, technical  and/or operating procedures",Contracted man-years adjusted for long term leaves per 1 000 inhabitants,2008,NA
Helse Vest RHF,Ambulance service,"Service, technical  and/or operating procedures",Contracted man-years adjusted for long term leaves per 1 000 inhabitants,2020,NA
Helse Vest RHF,Ambulance service,"Service, technical  and/or operating procedures",Contracted man-years adjusted for long term leaves per 1 000 inhabitants,2021,NA
Helse Vest RHF,Ambulance service,"Service, technical  and/or operating procedures",Employed persons per 1 000 inhabitants,2008,NA
Helse Vest RHF,Ambulance service,"Service, technical  and/or operating procedures",Employed persons per 1 000 inhabitants,2020,NA
Helse Vest RHF,Ambulance service,"Service, technical  and/or operating procedures",Employed persons per 1 000 inhabitants,2021,NA
Helse Vest RHF,Ambulance service,Other occupations,Contracted man-years unadjusted for long term leaves,2008,NA
Helse Vest RHF,Ambulance service,Other occupations,Contracted man-years unadjusted for long term leaves,2020,NA
Helse Vest RHF,Ambulance service,Other occupations,Contracted man-years unadjusted for long term leaves,2021,NA
Helse Vest RHF,Ambulance service,Other occupations,Contracted man-years adjusted for long term leaves per 1 000 inhabitants,2008,NA
Helse Vest RHF,Ambulance service,Other occupations,Contracted man-years adjusted for long term leaves per 1 000 inhabitants,2020,NA
Helse Vest RHF,Ambulance service,Other occupations,Contracted man-years adjusted for long term leaves per 1 000 inhabitants,2021,NA
Helse Vest RHF,Ambulance service,Other occupations,Employed persons per 1 000 inhabitants,2008,NA
Helse Vest RHF,Ambulance service,Other occupations,Employed persons per 1 000 inhabitants,2020,NA
Helse Vest RHF,Ambulance service,Other occupations,Employed persons per 1 000 inhabitants,2021,NA
Helse Vest RHF,Shared services,"Man years, total",Contracted man-years unadjusted for long term leaves,2008,NA
Helse Vest RHF,Shared services,"Man years, total",Contracted man-years unadjusted for long term leaves,2020,NA
Helse Vest RHF,Shared services,"Man years, total",Contracted man-years unadjusted for long term leaves,2021,NA
Helse Vest RHF,Shared services,"Man years, total",Contracted man-years adjusted for long term leaves per 1 000 inhabitants,2008,NA
Helse Vest RHF,Shared services,"Man years, total",Contracted man-years adjusted for long term leaves per 1 000 inhabitants,2020,NA
Helse Vest RHF,Shared services,"Man years, total",Contracted man-years adjusted for long term leaves per 1 000 inhabitants,2021,NA
Helse Vest RHF,Shared services,"Man years, total",Employed persons per 1 000 inhabitants,2008,NA
Helse Vest RHF,Shared services,"Man years, total",Employed persons per 1 000 inhabitants,2020,NA
Helse Vest RHF,Shared services,"Man years, total",Employed persons per 1 000 inhabitants,2021,NA
Helse Vest RHF,Shared services,"Service, technical  and/or operating procedures",Contracted man-years unadjusted for long term leaves,2008,NA
Helse Vest RHF,Shared services,"Service, technical  and/or operating procedures",Contracted man-years unadjusted for long term leaves,2020,NA
Helse Vest RHF,Shared services,"Service, technical  and/or operating procedures",Contracted man-years unadjusted for long term leaves,2021,NA
Helse Vest RHF,Shared services,"Service, technical  and/or operating procedures",Contracted man-years adjusted for long term leaves per 1 000 inhabitants,2008,NA
Helse Vest RHF,Shared services,"Service, technical  and/or operating procedures",Contracted man-years adjusted for long term leaves per 1 000 inhabitants,2020,NA
Helse Vest RHF,Shared services,"Service, technical  and/or operating procedures",Contracted man-years adjusted for long term leaves per 1 000 inhabitants,2021,NA
Helse Vest RHF,Shared services,"Service, technical  and/or operating procedures",Employed persons per 1 000 inhabitants,2008,NA
Helse Vest RHF,Shared services,"Service, technical  and/or operating procedures",Employed persons per 1 000 inhabitants,2020,NA
Helse Vest RHF,Shared services,"Service, technical  and/or operating procedures",Employed persons per 1 000 inhabitants,2021,NA
Helse Vest RHF,Shared services,Other occupations,Contracted man-years unadjusted for long term leaves,2008,NA
Helse Vest RHF,Shared services,Other occupations,Contracted man-years unadjusted for long term leaves,2020,NA
Helse Vest RHF,Shared services,Other occupations,Contracted man-years unadjusted for long term leaves,2021,NA
Helse Vest RHF,Shared services,Other occupations,Contracted man-years adjusted for long term leaves per 1 000 inhabitants,2008,NA
Helse Vest RHF,Shared services,Other occupations,Contracted man-years adjusted for long term leaves per 1 000 inhabitants,2020,NA
Helse Vest RHF,Shared services,Other occupations,Contracted man-years adjusted for long term leaves per 1 000 inhabitants,2021,NA
Helse Vest RHF,Shared services,Other occupations,Employed persons per 1 000 inhabitants,2008,NA
Helse Vest RHF,Shared services,Other occupations,Employed persons per 1 000 inhabitants,2020,NA
Helse Vest RHF,Shared services,Other occupations,Employed persons per 1 000 inhabitants,2021,NA
Helse Bergen HF,Total,"Man years, total",Contracted man-years unadjusted for long term leaves,2008,NA
Helse Bergen HF,Total,"Man years, total",Contracted man-years unadjusted for long term leaves,2020,NA
Helse Bergen HF,Total,"Man years, total",Contracted man-years unadjusted for long term leaves,2021,NA
Helse Bergen HF,Total,"Man years, total",Contracted man-years adjusted for long term leaves per 1 000 inhabitants,2008,NA
Helse Bergen HF,Total,"Man years, total",Contracted man-years adjusted for long term leaves per 1 000 inhabitants,2020,NA
Helse Bergen HF,Total,"Man years, total",Contracted man-years adjusted for long term leaves per 1 000 inhabitants,2021,NA
Helse Bergen HF,Total,"Man years, total",Employed persons per 1 000 inhabitants,2008,NA
Helse Bergen HF,Total,"Man years, total",Employed persons per 1 000 inhabitants,2020,NA
Helse Bergen HF,Total,"Man years, total",Employed persons per 1 000 inhabitants,2021,NA
Helse Bergen HF,Total,"Service, technical  and/or operating procedures",Contracted man-years unadjusted for long term leaves,2008,NA
Helse Bergen HF,Total,"Service, technical  and/or operating procedures",Contracted man-years unadjusted for long term leaves,2020,NA
Helse Bergen HF,Total,"Service, technical  and/or operating procedures",Contracted man-years unadjusted for long term leaves,2021,NA
Helse Bergen HF,Total,"Service, technical  and/or operating procedures",Contracted man-years adjusted for long term leaves per 1 000 inhabitants,2008,NA
Helse Bergen HF,Total,"Service, technical  and/or operating procedures",Contracted man-years adjusted for long term leaves per 1 000 inhabitants,2020,NA
Helse Bergen HF,Total,"Service, technical  and/or operating procedures",Contracted man-years adjusted for long term leaves per 1 000 inhabitants,2021,NA
Helse Bergen HF,Total,"Service, technical  and/or operating procedures",Employed persons per 1 000 inhabitants,2008,NA
Helse Bergen HF,Total,"Service, technical  and/or operating procedures",Employed persons per 1 000 inhabitants,2020,NA
Helse Bergen HF,Total,"Service, technical  and/or operating procedures",Employed persons per 1 000 inhabitants,2021,NA
Helse Bergen HF,Total,Other occupations,Contracted man-years unadjusted for long term leaves,2008,NA
Helse Bergen HF,Total,Other occupations,Contracted man-years unadjusted for long term leaves,2020,NA
Helse Bergen HF,Total,Other occupations,Contracted man-years unadjusted for long term leaves,2021,NA
Helse Bergen HF,Total,Other occupations,Contracted man-years adjusted for long term leaves per 1 000 inhabitants,2008,NA
Helse Bergen HF,Total,Other occupations,Contracted man-years adjusted for long term leaves per 1 000 inhabitants,2020,NA
Helse Bergen HF,Total,Other occupations,Contracted man-years adjusted for long term leaves per 1 000 inhabitants,2021,NA
Helse Bergen HF,Total,Other occupations,Employed persons per 1 000 inhabitants,2008,NA
Helse Bergen HF,Total,Other occupations,Employed persons per 1 000 inhabitants,2020,NA
Helse Bergen HF,Total,Other occupations,Employed persons per 1 000 inhabitants,2021,NA
Helse Bergen HF,Ambulance service,"Man years, total",Contracted man-years unadjusted for long term leaves,2008,NA
Helse Bergen HF,Ambulance service,"Man years, total",Contracted man-years unadjusted for long term leaves,2020,NA
Helse Bergen HF,Ambulance service,"Man years, total",Contracted man-years unadjusted for long term leaves,2021,NA
Helse Bergen HF,Ambulance service,"Man years, total",Contracted man-years adjusted for long term leaves per 1 000 inhabitants,2008,NA
Helse Bergen HF,Ambulance service,"Man years, total",Contracted man-years adjusted for long term leaves per 1 000 inhabitants,2020,NA
Helse Bergen HF,Ambulance service,"Man years, total",Contracted man-years adjusted for long term leaves per 1 000 inhabitants,2021,NA
Helse Bergen HF,Ambulance service,"Man years, total",Employed persons per 1 000 inhabitants,2008,NA
Helse Bergen HF,Ambulance service,"Man years, total",Employed persons per 1 000 inhabitants,2020,NA
Helse Bergen HF,Ambulance service,"Man years, total",Employed persons per 1 000 inhabitants,2021,NA
Helse Bergen HF,Ambulance service,"Service, technical  and/or operating procedures",Contracted man-years unadjusted for long term leaves,2008,NA
Helse Bergen HF,Ambulance service,"Service, technical  and/or operating procedures",Contracted man-years unadjusted for long term leaves,2020,NA
Helse Bergen HF,Ambulance service,"Service, technical  and/or operating procedures",Contracted man-years unadjusted for long term leaves,2021,NA
Helse Bergen HF,Ambulance service,"Service, technical  and/or operating procedures",Contracted man-years adjusted for long term leaves per 1 000 inhabitants,2008,NA
Helse Bergen HF,Ambulance service,"Service, technical  and/or operating procedures",Contracted man-years adjusted for long term leaves per 1 000 inhabitants,2020,NA
Helse Bergen HF,Ambulance service,"Service, technical  and/or operating procedures",Contracted man-years adjusted for long term leaves per 1 000 inhabitants,2021,NA
Helse Bergen HF,Ambulance service,"Service, technical  and/or operating procedures",Employed persons per 1 000 inhabitants,2008,NA
Helse Bergen HF,Ambulance service,"Service, technical  and/or operating procedures",Employed persons per 1 000 inhabitants,2020,NA
Helse Bergen HF,Ambulance service,"Service, technical  and/or operating procedures",Employed persons per 1 000 inhabitants,2021,NA
Helse Bergen HF,Ambulance service,Other occupations,Contracted man-years unadjusted for long term leaves,2008,NA
Helse Bergen HF,Ambulance service,Other occupations,Contracted man-years unadjusted for long term leaves,2020,NA
Helse Bergen HF,Ambulance service,Other occupations,Contracted man-years unadjusted for long term leaves,2021,NA
Helse Bergen HF,Ambulance service,Other occupations,Contracted man-years adjusted for long term leaves per 1 000 inhabitants,2008,NA
Helse Bergen HF,Ambulance service,Other occupations,Contracted man-years adjusted for long term leaves per 1 000 inhabitants,2020,NA
Helse Bergen HF,Ambulance service,Other occupations,Contracted man-years adjusted for long term leaves per 1 000 inhabitants,2021,NA
Helse Bergen HF,Ambulance service,Other occupations,Employed persons per 1 000 inhabitants,2008,NA
Helse Bergen HF,Ambulance service,Other occupations,Employed persons per 1 000 inhabitants,2020,NA
Helse Bergen HF,Ambulance service,Other occupations,Employed persons per 1 000 inhabitants,2021,NA
Helse Bergen HF,Shared services,"Man years, total",Contracted man-years unadjusted for long term leaves,2008,NA
Helse Bergen HF,Shared services,"Man years, total",Contracted man-years unadjusted for long term leaves,2020,NA
Helse Bergen HF,Shared services,"Man years, total",Contracted man-years unadjusted for long term leaves,2021,NA
Helse Bergen HF,Shared services,"Man years, total",Contracted man-years adjusted for long term leaves per 1 000 inhabitants,2008,NA
Helse Bergen HF,Shared services,"Man years, total",Contracted man-years adjusted for long term leaves per 1 000 inhabitants,2020,NA
Helse Bergen HF,Shared services,"Man years, total",Contracted man-years adjusted for long term leaves per 1 000 inhabitants,2021,NA
Helse Bergen HF,Shared services,"Man years, total",Employed persons per 1 000 inhabitants,2008,NA
Helse Bergen HF,Shared services,"Man years, total",Employed persons per 1 000 inhabitants,2020,NA
Helse Bergen HF,Shared services,"Man years, total",Employed persons per 1 000 inhabitants,2021,NA
Helse Bergen HF,Shared services,"Service, technical  and/or operating procedures",Contracted man-years unadjusted for long term leaves,2008,NA
Helse Bergen HF,Shared services,"Service, technical  and/or operating procedures",Contracted man-years unadjusted for long term leaves,2020,NA
Helse Bergen HF,Shared services,"Service, technical  and/or operating procedures",Contracted man-years unadjusted for long term leaves,2021,NA
Helse Bergen HF,Shared services,"Service, technical  and/or operating procedures",Contracted man-years adjusted for long term leaves per 1 000 inhabitants,2008,NA
Helse Bergen HF,Shared services,"Service, technical  and/or operating procedures",Contracted man-years adjusted for long term leaves per 1 000 inhabitants,2020,NA
Helse Bergen HF,Shared services,"Service, technical  and/or operating procedures",Contracted man-years adjusted for long term leaves per 1 000 inhabitants,2021,NA
Helse Bergen HF,Shared services,"Service, technical  and/or operating procedures",Employed persons per 1 000 inhabitants,2008,NA
Helse Bergen HF,Shared services,"Service, technical  and/or operating procedures",Employed persons per 1 000 inhabitants,2020,NA
Helse Bergen HF,Shared services,"Service, technical  and/or operating procedures",Employed persons per 1 000 inhabitants,2021,NA
Helse Bergen HF,Shared services,Other occupations,Contracted man-years unadjusted for long term leaves,2008,NA
Helse Bergen HF,Shared services,Other occupations,Contracted man-years unadjusted for long term leaves,2020,NA
Helse Bergen HF,Shared services,Other occupations,Contracted man-years unadjusted for long term leaves,2021,NA
Helse Bergen HF,Shared services,Other occupations,Contracted man-years adjusted for long term leaves per 1 000 inhabitants,2008,NA
Helse Bergen HF,Shared services,Other occupations,Contracted man-years adjusted for long term leaves per 1 000 inhabitants,2020,NA
Helse Bergen HF,Shared services,Other occupations,Contracted man-years adjusted for long term leaves per 1 000 inhabitants,2021,NA
Helse Bergen HF,Shared services,Other occupations,Employed persons per 1 000 inhabitants,2008,NA
Helse Bergen HF,Shared services,Other occupations,Employed persons per 1 000 inhabitants,2020,NA
Helse Bergen HF,Shared services,Other occupations,Employed persons per 1 000 inhabitants,2021,NA
Helse Førde HF,Total,"Man years, total",Contracted man-years unadjusted for long term leaves,2008,NA
Helse Førde HF,Total,"Man years, total",Contracted man-years unadjusted for long term leaves,2020,NA
Helse Førde HF,Total,"Man years, total",Contracted man-years unadjusted for long term leaves,2021,NA
Helse Førde HF,Total,"Man years, total",Contracted man-years adjusted for long term leaves per 1 000 inhabitants,2008,NA
Helse Førde HF,Total,"Man years, total",Contracted man-years adjusted for long term leaves per 1 000 inhabitants,2020,NA
Helse Førde HF,Total,"Man years, total",Contracted man-years adjusted for long term leaves per 1 000 inhabitants,2021,NA
Helse Førde HF,Total,"Man years, total",Employed persons per 1 000 inhabitants,2008,NA
Helse Førde HF,Total,"Man years, total",Employed persons per 1 000 inhabitants,2020,NA
Helse Førde HF,Total,"Man years, total",Employed persons per 1 000 inhabitants,2021,NA
Helse Førde HF,Total,"Service, technical  and/or operating procedures",Contracted man-years unadjusted for long term leaves,2008,NA
Helse Førde HF,Total,"Service, technical  and/or operating procedures",Contracted man-years unadjusted for long term leaves,2020,NA
Helse Førde HF,Total,"Service, technical  and/or operating procedures",Contracted man-years unadjusted for long term leaves,2021,NA
Helse Førde HF,Total,"Service, technical  and/or operating procedures",Contracted man-years adjusted for long term leaves per 1 000 inhabitants,2008,NA
Helse Førde HF,Total,"Service, technical  and/or operating procedures",Contracted man-years adjusted for long term leaves per 1 000 inhabitants,2020,NA
Helse Førde HF,Total,"Service, technical  and/or operating procedures",Contracted man-years adjusted for long term leaves per 1 000 inhabitants,2021,NA
Helse Førde HF,Total,"Service, technical  and/or operating procedures",Employed persons per 1 000 inhabitants,2008,NA
Helse Førde HF,Total,"Service, technical  and/or operating procedures",Employed persons per 1 000 inhabitants,2020,NA
Helse Førde HF,Total,"Service, technical  and/or operating procedures",Employed persons per 1 000 inhabitants,2021,NA
Helse Førde HF,Total,Other occupations,Contracted man-years unadjusted for long term leaves,2008,NA
Helse Førde HF,Total,Other occupations,Contracted man-years unadjusted for long term leaves,2020,NA
Helse Førde HF,Total,Other occupations,Contracted man-years unadjusted for long term leaves,2021,NA
Helse Førde HF,Total,Other occupations,Contracted man-years adjusted for long term leaves per 1 000 inhabitants,2008,NA
Helse Førde HF,Total,Other occupations,Contracted man-years adjusted for long term leaves per 1 000 inhabitants,2020,NA
Helse Førde HF,Total,Other occupations,Contracted man-years adjusted for long term leaves per 1 000 inhabitants,2021,NA
Helse Førde HF,Total,Other occupations,Employed persons per 1 000 inhabitants,2008,NA
Helse Førde HF,Total,Other occupations,Employed persons per 1 000 inhabitants,2020,NA
Helse Førde HF,Total,Other occupations,Employed persons per 1 000 inhabitants,2021,NA
Helse Førde HF,Ambulance service,"Man years, total",Contracted man-years unadjusted for long term leaves,2008,NA
Helse Førde HF,Ambulance service,"Man years, total",Contracted man-years unadjusted for long term leaves,2020,NA
Helse Førde HF,Ambulance service,"Man years, total",Contracted man-years unadjusted for long term leaves,2021,NA
Helse Førde HF,Ambulance service,"Man years, total",Contracted man-years adjusted for long term leaves per 1 000 inhabitants,2008,NA
Helse Førde HF,Ambulance service,"Man years, total",Contracted man-years adjusted for long term leaves per 1 000 inhabitants,2020,NA
Helse Førde HF,Ambulance service,"Man years, total",Contracted man-years adjusted for long term leaves per 1 000 inhabitants,2021,NA
Helse Førde HF,Ambulance service,"Man years, total",Employed persons per 1 000 inhabitants,2008,NA
Helse Førde HF,Ambulance service,"Man years, total",Employed persons per 1 000 inhabitants,2020,NA
Helse Førde HF,Ambulance service,"Man years, total",Employed persons per 1 000 inhabitants,2021,NA
Helse Førde HF,Ambulance service,"Service, technical  and/or operating procedures",Contracted man-years unadjusted for long term leaves,2008,NA
Helse Førde HF,Ambulance service,"Service, technical  and/or operating procedures",Contracted man-years unadjusted for long term leaves,2020,NA
Helse Førde HF,Ambulance service,"Service, technical  and/or operating procedures",Contracted man-years unadjusted for long term leaves,2021,NA
Helse Førde HF,Ambulance service,"Service, technical  and/or operating procedures",Contracted man-years adjusted for long term leaves per 1 000 inhabitants,2008,NA
Helse Førde HF,Ambulance service,"Service, technical  and/or operating procedures",Contracted man-years adjusted for long term leaves per 1 000 inhabitants,2020,NA
Helse Førde HF,Ambulance service,"Service, technical  and/or operating procedures",Contracted man-years adjusted for long term leaves per 1 000 inhabitants,2021,NA
Helse Førde HF,Ambulance service,"Service, technical  and/or operating procedures",Employed persons per 1 000 inhabitants,2008,NA
Helse Førde HF,Ambulance service,"Service, technical  and/or operating procedures",Employed persons per 1 000 inhabitants,2020,NA
Helse Førde HF,Ambulance service,"Service, technical  and/or operating procedures",Employed persons per 1 000 inhabitants,2021,NA
Helse Førde HF,Ambulance service,Other occupations,Contracted man-years unadjusted for long term leaves,2008,NA
Helse Førde HF,Ambulance service,Other occupations,Contracted man-years unadjusted for long term leaves,2020,NA
Helse Førde HF,Ambulance service,Other occupations,Contracted man-years unadjusted for long term leaves,2021,NA
Helse Førde HF,Ambulance service,Other occupations,Contracted man-years adjusted for long term leaves per 1 000 inhabitants,2008,NA
Helse Førde HF,Ambulance service,Other occupations,Contracted man-years adjusted for long term leaves per 1 000 inhabitants,2020,NA
Helse Førde HF,Ambulance service,Other occupations,Contracted man-years adjusted for long term leaves per 1 000 inhabitants,2021,NA
Helse Førde HF,Ambulance service,Other occupations,Employed persons per 1 000 inhabitants,2008,NA
Helse Førde HF,Ambulance service,Other occupations,Employed persons per 1 000 inhabitants,2020,NA
Helse Førde HF,Ambulance service,Other occupations,Employed persons per 1 000 inhabitants,2021,NA
Helse Førde HF,Shared services,"Man years, total",Contracted man-years unadjusted for long term leaves,2008,NA
Helse Førde HF,Shared services,"Man years, total",Contracted man-years unadjusted for long term leaves,2020,NA
Helse Førde HF,Shared services,"Man years, total",Contracted man-years unadjusted for long term leaves,2021,NA
Helse Førde HF,Shared services,"Man years, total",Contracted man-years adjusted for long term leaves per 1 000 inhabitants,2008,NA
Helse Førde HF,Shared services,"Man years, total",Contracted man-years adjusted for long term leaves per 1 000 inhabitants,2020,NA
Helse Førde HF,Shared services,"Man years, total",Contracted man-years adjusted for long term leaves per 1 000 inhabitants,2021,NA
Helse Førde HF,Shared services,"Man years, total",Employed persons per 1 000 inhabitants,2008,NA
Helse Førde HF,Shared services,"Man years, total",Employed persons per 1 000 inhabitants,2020,NA
Helse Førde HF,Shared services,"Man years, total",Employed persons per 1 000 inhabitants,2021,NA
Helse Førde HF,Shared services,"Service, technical  and/or operating procedures",Contracted man-years unadjusted for long term leaves,2008,NA
Helse Førde HF,Shared services,"Service, technical  and/or operating procedures",Contracted man-years unadjusted for long term leaves,2020,NA
Helse Førde HF,Shared services,"Service, technical  and/or operating procedures",Contracted man-years unadjusted for long term leaves,2021,NA
Helse Førde HF,Shared services,"Service, technical  and/or operating procedures",Contracted man-years adjusted for long term leaves per 1 000 inhabitants,2008,NA
Helse Førde HF,Shared services,"Service, technical  and/or operating procedures",Contracted man-years adjusted for long term leaves per 1 000 inhabitants,2020,NA
Helse Førde HF,Shared services,"Service, technical  and/or operating procedures",Contracted man-years adjusted for long term leaves per 1 000 inhabitants,2021,NA
Helse Førde HF,Shared services,"Service, technical  and/or operating procedures",Employed persons per 1 000 inhabitants,2008,NA
Helse Førde HF,Shared services,"Service, technical  and/or operating procedures",Employed persons per 1 000 inhabitants,2020,NA
Helse Førde HF,Shared services,"Service, technical  and/or operating procedures",Employed persons per 1 000 inhabitants,2021,NA
Helse Førde HF,Shared services,Other occupations,Contracted man-years unadjusted for long term leaves,2008,NA
Helse Førde HF,Shared services,Other occupations,Contracted man-years unadjusted for long term leaves,2020,NA
Helse Førde HF,Shared services,Other occupations,Contracted man-years unadjusted for long term leaves,2021,NA
Helse Førde HF,Shared services,Other occupations,Contracted man-years adjusted for long term leaves per 1 000 inhabitants,2008,NA
Helse Førde HF,Shared services,Other occupations,Contracted man-years adjusted for long term leaves per 1 000 inhabitants,2020,NA
Helse Førde HF,Shared services,Other occupations,Contracted man-years adjusted for long term leaves per 1 000 inhabitants,2021,NA
Helse Førde HF,Shared services,Other occupations,Employed persons per 1 000 inhabitants,2008,NA
Helse Førde HF,Shared services,Other occupations,Employed persons per 1 000 inhabitants,2020,NA
Helse Førde HF,Shared services,Other occupations,Employed persons per 1 000 inhabitants,2021,NA
Helse Stavanger HF,Total,"Man years, total",Contracted man-years unadjusted for long term leaves,2008,NA
Helse Stavanger HF,Total,"Man years, total",Contracted man-years unadjusted for long term leaves,2020,NA
Helse Stavanger HF,Total,"Man years, total",Contracted man-years unadjusted for long term leaves,2021,NA
Helse Stavanger HF,Total,"Man years, total",Contracted man-years adjusted for long term leaves per 1 000 inhabitants,2008,NA
Helse Stavanger HF,Total,"Man years, total",Contracted man-years adjusted for long term leaves per 1 000 inhabitants,2020,NA
Helse Stavanger HF,Total,"Man years, total",Contracted man-years adjusted for long term leaves per 1 000 inhabitants,2021,NA
Helse Stavanger HF,Total,"Man years, total",Employed persons per 1 000 inhabitants,2008,NA
Helse Stavanger HF,Total,"Man years, total",Employed persons per 1 000 inhabitants,2020,NA
Helse Stavanger HF,Total,"Man years, total",Employed persons per 1 000 inhabitants,2021,NA
Helse Stavanger HF,Total,"Service, technical  and/or operating procedures",Contracted man-years unadjusted for long term leaves,2008,NA
Helse Stavanger HF,Total,"Service, technical  and/or operating procedures",Contracted man-years unadjusted for long term leaves,2020,NA
Helse Stavanger HF,Total,"Service, technical  and/or operating procedures",Contracted man-years unadjusted for long term leaves,2021,NA
Helse Stavanger HF,Total,"Service, technical  and/or operating procedures",Contracted man-years adjusted for long term leaves per 1 000 inhabitants,2008,NA
Helse Stavanger HF,Total,"Service, technical  and/or operating procedures",Contracted man-years adjusted for long term leaves per 1 000 inhabitants,2020,NA
Helse Stavanger HF,Total,"Service, technical  and/or operating procedures",Contracted man-years adjusted for long term leaves per 1 000 inhabitants,2021,NA
Helse Stavanger HF,Total,"Service, technical  and/or operating procedures",Employed persons per 1 000 inhabitants,2008,NA
Helse Stavanger HF,Total,"Service, technical  and/or operating procedures",Employed persons per 1 000 inhabitants,2020,NA
Helse Stavanger HF,Total,"Service, technical  and/or operating procedures",Employed persons per 1 000 inhabitants,2021,NA
Helse Stavanger HF,Total,Other occupations,Contracted man-years unadjusted for long term leaves,2008,NA
Helse Stavanger HF,Total,Other occupations,Contracted man-years unadjusted for long term leaves,2020,NA
Helse Stavanger HF,Total,Other occupations,Contracted man-years unadjusted for long term leaves,2021,NA
Helse Stavanger HF,Total,Other occupations,Contracted man-years adjusted for long term leaves per 1 000 inhabitants,2008,NA
Helse Stavanger HF,Total,Other occupations,Contracted man-years adjusted for long term leaves per 1 000 inhabitants,2020,NA
Helse Stavanger HF,Total,Other occupations,Contracted man-years adjusted for long term leaves per 1 000 inhabitants,2021,NA
Helse Stavanger HF,Total,Other occupations,Employed persons per 1 000 inhabitants,2008,NA
Helse Stavanger HF,Total,Other occupations,Employed persons per 1 000 inhabitants,2020,NA
Helse Stavanger HF,Total,Other occupations,Employed persons per 1 000 inhabitants,2021,NA
Helse Stavanger HF,Ambulance service,"Man years, total",Contracted man-years unadjusted for long term leaves,2008,NA
Helse Stavanger HF,Ambulance service,"Man years, total",Contracted man-years unadjusted for long term leaves,2020,NA
Helse Stavanger HF,Ambulance service,"Man years, total",Contracted man-years unadjusted for long term leaves,2021,NA
Helse Stavanger HF,Ambulance service,"Man years, total",Contracted man-years adjusted for long term leaves per 1 000 inhabitants,2008,NA
Helse Stavanger HF,Ambulance service,"Man years, total",Contracted man-years adjusted for long term leaves per 1 000 inhabitants,2020,NA
Helse Stavanger HF,Ambulance service,"Man years, total",Contracted man-years adjusted for long term leaves per 1 000 inhabitants,2021,NA
Helse Stavanger HF,Ambulance service,"Man years, total",Employed persons per 1 000 inhabitants,2008,NA
Helse Stavanger HF,Ambulance service,"Man years, total",Employed persons per 1 000 inhabitants,2020,NA
Helse Stavanger HF,Ambulance service,"Man years, total",Employed persons per 1 000 inhabitants,2021,NA
Helse Stavanger HF,Ambulance service,"Service, technical  and/or operating procedures",Contracted man-years unadjusted for long term leaves,2008,NA
Helse Stavanger HF,Ambulance service,"Service, technical  and/or operating procedures",Contracted man-years unadjusted for long term leaves,2020,NA
Helse Stavanger HF,Ambulance service,"Service, technical  and/or operating procedures",Contracted man-years unadjusted for long term leaves,2021,NA
Helse Stavanger HF,Ambulance service,"Service, technical  and/or operating procedures",Contracted man-years adjusted for long term leaves per 1 000 inhabitants,2008,NA
Helse Stavanger HF,Ambulance service,"Service, technical  and/or operating procedures",Contracted man-years adjusted for long term leaves per 1 000 inhabitants,2020,NA
Helse Stavanger HF,Ambulance service,"Service, technical  and/or operating procedures",Contracted man-years adjusted for long term leaves per 1 000 inhabitants,2021,NA
Helse Stavanger HF,Ambulance service,"Service, technical  and/or operating procedures",Employed persons per 1 000 inhabitants,2008,NA
Helse Stavanger HF,Ambulance service,"Service, technical  and/or operating procedures",Employed persons per 1 000 inhabitants,2020,NA
Helse Stavanger HF,Ambulance service,"Service, technical  and/or operating procedures",Employed persons per 1 000 inhabitants,2021,NA
Helse Stavanger HF,Ambulance service,Other occupations,Contracted man-years unadjusted for long term leaves,2008,NA
Helse Stavanger HF,Ambulance service,Other occupations,Contracted man-years unadjusted for long term leaves,2020,NA
Helse Stavanger HF,Ambulance service,Other occupations,Contracted man-years unadjusted for long term leaves,2021,NA
Helse Stavanger HF,Ambulance service,Other occupations,Contracted man-years adjusted for long term leaves per 1 000 inhabitants,2008,NA
Helse Stavanger HF,Ambulance service,Other occupations,Contracted man-years adjusted for long term leaves per 1 000 inhabitants,2020,NA
Helse Stavanger HF,Ambulance service,Other occupations,Contracted man-years adjusted for long term leaves per 1 000 inhabitants,2021,NA
Helse Stavanger HF,Ambulance service,Other occupations,Employed persons per 1 000 inhabitants,2008,NA
Helse Stavanger HF,Ambulance service,Other occupations,Employed persons per 1 000 inhabitants,2020,NA
Helse Stavanger HF,Ambulance service,Other occupations,Employed persons per 1 000 inhabitants,2021,NA
Helse Stavanger HF,Shared services,"Man years, total",Contracted man-years unadjusted for long term leaves,2008,NA
Helse Stavanger HF,Shared services,"Man years, total",Contracted man-years unadjusted for long term leaves,2020,NA
Helse Stavanger HF,Shared services,"Man years, total",Contracted man-years unadjusted for long term leaves,2021,NA
Helse Stavanger HF,Shared services,"Man years, total",Contracted man-years adjusted for long term leaves per 1 000 inhabitants,2008,NA
Helse Stavanger HF,Shared services,"Man years, total",Contracted man-years adjusted for long term leaves per 1 000 inhabitants,2020,NA
Helse Stavanger HF,Shared services,"Man years, total",Contracted man-years adjusted for long term leaves per 1 000 inhabitants,2021,NA
Helse Stavanger HF,Shared services,"Man years, total",Employed persons per 1 000 inhabitants,2008,NA
Helse Stavanger HF,Shared services,"Man years, total",Employed persons per 1 000 inhabitants,2020,NA
Helse Stavanger HF,Shared services,"Man years, total",Employed persons per 1 000 inhabitants,2021,NA
Helse Stavanger HF,Shared services,"Service, technical  and/or operating procedures",Contracted man-years unadjusted for long term leaves,2008,NA
Helse Stavanger HF,Shared services,"Service, technical  and/or operating procedures",Contracted man-years unadjusted for long term leaves,2020,NA
Helse Stavanger HF,Shared services,"Service, technical  and/or operating procedures",Contracted man-years unadjusted for long term leaves,2021,NA
Helse Stavanger HF,Shared services,"Service, technical  and/or operating procedures",Contracted man-years adjusted for long term leaves per 1 000 inhabitants,2008,NA
Helse Stavanger HF,Shared services,"Service, technical  and/or operating procedures",Contracted man-years adjusted for long term leaves per 1 000 inhabitants,2020,NA
Helse Stavanger HF,Shared services,"Service, technical  and/or operating procedures",Contracted man-years adjusted for long term leaves per 1 000 inhabitants,2021,NA
Helse Stavanger HF,Shared services,"Service, technical  and/or operating procedures",Employed persons per 1 000 inhabitants,2008,NA
Helse Stavanger HF,Shared services,"Service, technical  and/or operating procedures",Employed persons per 1 000 inhabitants,2020,NA
Helse Stavanger HF,Shared services,"Service, technical  and/or operating procedures",Employed persons per 1 000 inhabitants,2021,NA
Helse Stavanger HF,Shared services,Other occupations,Contracted man-years unadjusted for long term leaves,2008,NA
Helse Stavanger HF,Shared services,Other occupations,Contracted man-years unadjusted for long term leaves,2020,NA
Helse Stavanger HF,Shared services,Other occupations,Contracted man-years unadjusted for long term leaves,2021,NA
Helse Stavanger HF,Shared services,Other occupations,Contracted man-years adjusted for long term leaves per 1 000 inhabitants,2008,NA
Helse Stavanger HF,Shared services,Other occupations,Contracted man-years adjusted for long term leaves per 1 000 inhabitants,2020,NA
Helse Stavanger HF,Shared services,Other occupations,Contracted man-years adjusted for long term leaves per 1 000 inhabitants,2021,NA
Helse Stavanger HF,Shared services,Other occupations,Employed persons per 1 000 inhabitants,2008,NA
Helse Stavanger HF,Shared services,Other occupations,Employed persons per 1 000 inhabitants,2020,NA
Helse Stavanger HF,Shared services,Other occupations,Employed persons per 1 000 inhabitants,2021,NA
Helse Fonna HF,Total,"Man years, total",Contracted man-years unadjusted for long term leaves,2008,NA
Helse Fonna HF,Total,"Man years, total",Contracted man-years unadjusted for long term leaves,2020,NA
Helse Fonna HF,Total,"Man years, total",Contracted man-years unadjusted for long term leaves,2021,NA
Helse Fonna HF,Total,"Man years, total",Contracted man-years adjusted for long term leaves per 1 000 inhabitants,2008,NA
Helse Fonna HF,Total,"Man years, total",Contracted man-years adjusted for long term leaves per 1 000 inhabitants,2020,NA
Helse Fonna HF,Total,"Man years, total",Contracted man-years adjusted for long term leaves per 1 000 inhabitants,2021,NA
Helse Fonna HF,Total,"Man years, total",Employed persons per 1 000 inhabitants,2008,NA
Helse Fonna HF,Total,"Man years, total",Employed persons per 1 000 inhabitants,2020,NA
Helse Fonna HF,Total,"Man years, total",Employed persons per 1 000 inhabitants,2021,NA
Helse Fonna HF,Total,"Service, technical  and/or operating procedures",Contracted man-years unadjusted for long term leaves,2008,NA
Helse Fonna HF,Total,"Service, technical  and/or operating procedures",Contracted man-years unadjusted for long term leaves,2020,NA
Helse Fonna HF,Total,"Service, technical  and/or operating procedures",Contracted man-years unadjusted for long term leaves,2021,NA
Helse Fonna HF,Total,"Service, technical  and/or operating procedures",Contracted man-years adjusted for long term leaves per 1 000 inhabitants,2008,NA
Helse Fonna HF,Total,"Service, technical  and/or operating procedures",Contracted man-years adjusted for long term leaves per 1 000 inhabitants,2020,NA
Helse Fonna HF,Total,"Service, technical  and/or operating procedures",Contracted man-years adjusted for long term leaves per 1 000 inhabitants,2021,NA
Helse Fonna HF,Total,"Service, technical  and/or operating procedures",Employed persons per 1 000 inhabitants,2008,NA
Helse Fonna HF,Total,"Service, technical  and/or operating procedures",Employed persons per 1 000 inhabitants,2020,NA
Helse Fonna HF,Total,"Service, technical  and/or operating procedures",Employed persons per 1 000 inhabitants,2021,NA
Helse Fonna HF,Total,Other occupations,Contracted man-years unadjusted for long term leaves,2008,NA
Helse Fonna HF,Total,Other occupations,Contracted man-years unadjusted for long term leaves,2020,NA
Helse Fonna HF,Total,Other occupations,Contracted man-years unadjusted for long term leaves,2021,NA
Helse Fonna HF,Total,Other occupations,Contracted man-years adjusted for long term leaves per 1 000 inhabitants,2008,NA
Helse Fonna HF,Total,Other occupations,Contracted man-years adjusted for long term leaves per 1 000 inhabitants,2020,NA
Helse Fonna HF,Total,Other occupations,Contracted man-years adjusted for long term leaves per 1 000 inhabitants,2021,NA
Helse Fonna HF,Total,Other occupations,Employed persons per 1 000 inhabitants,2008,NA
Helse Fonna HF,Total,Other occupations,Employed persons per 1 000 inhabitants,2020,NA
Helse Fonna HF,Total,Other occupations,Employed persons per 1 000 inhabitants,2021,NA
Helse Fonna HF,Ambulance service,"Man years, total",Contracted man-years unadjusted for long term leaves,2008,NA
Helse Fonna HF,Ambulance service,"Man years, total",Contracted man-years unadjusted for long term leaves,2020,NA
Helse Fonna HF,Ambulance service,"Man years, total",Contracted man-years unadjusted for long term leaves,2021,NA
Helse Fonna HF,Ambulance service,"Man years, total",Contracted man-years adjusted for long term leaves per 1 000 inhabitants,2008,NA
Helse Fonna HF,Ambulance service,"Man years, total",Contracted man-years adjusted for long term leaves per 1 000 inhabitants,2020,NA
Helse Fonna HF,Ambulance service,"Man years, total",Contracted man-years adjusted for long term leaves per 1 000 inhabitants,2021,NA
Helse Fonna HF,Ambulance service,"Man years, total",Employed persons per 1 000 inhabitants,2008,NA
Helse Fonna HF,Ambulance service,"Man years, total",Employed persons per 1 000 inhabitants,2020,NA
Helse Fonna HF,Ambulance service,"Man years, total",Employed persons per 1 000 inhabitants,2021,NA
Helse Fonna HF,Ambulance service,"Service, technical  and/or operating procedures",Contracted man-years unadjusted for long term leaves,2008,NA
Helse Fonna HF,Ambulance service,"Service, technical  and/or operating procedures",Contracted man-years unadjusted for long term leaves,2020,NA
Helse Fonna HF,Ambulance service,"Service, technical  and/or operating procedures",Contracted man-years unadjusted for long term leaves,2021,NA
Helse Fonna HF,Ambulance service,"Service, technical  and/or operating procedures",Contracted man-years adjusted for long term leaves per 1 000 inhabitants,2008,NA
Helse Fonna HF,Ambulance service,"Service, technical  and/or operating procedures",Contracted man-years adjusted for long term leaves per 1 000 inhabitants,2020,NA
Helse Fonna HF,Ambulance service,"Service, technical  and/or operating procedures",Contracted man-years adjusted for long term leaves per 1 000 inhabitants,2021,NA
Helse Fonna HF,Ambulance service,"Service, technical  and/or operating procedures",Employed persons per 1 000 inhabitants,2008,NA
Helse Fonna HF,Ambulance service,"Service, technical  and/or operating procedures",Employed persons per 1 000 inhabitants,2020,NA
Helse Fonna HF,Ambulance service,"Service, technical  and/or operating procedures",Employed persons per 1 000 inhabitants,2021,NA
Helse Fonna HF,Ambulance service,Other occupations,Contracted man-years unadjusted for long term leaves,2008,NA
Helse Fonna HF,Ambulance service,Other occupations,Contracted man-years unadjusted for long term leaves,2020,NA
Helse Fonna HF,Ambulance service,Other occupations,Contracted man-years unadjusted for long term leaves,2021,NA
Helse Fonna HF,Ambulance service,Other occupations,Contracted man-years adjusted for long term leaves per 1 000 inhabitants,2008,NA
Helse Fonna HF,Ambulance service,Other occupations,Contracted man-years adjusted for long term leaves per 1 000 inhabitants,2020,NA
Helse Fonna HF,Ambulance service,Other occupations,Contracted man-years adjusted for long term leaves per 1 000 inhabitants,2021,NA
Helse Fonna HF,Ambulance service,Other occupations,Employed persons per 1 000 inhabitants,2008,NA
Helse Fonna HF,Ambulance service,Other occupations,Employed persons per 1 000 inhabitants,2020,NA
Helse Fonna HF,Ambulance service,Other occupations,Employed persons per 1 000 inhabitants,2021,NA
Helse Fonna HF,Shared services,"Man years, total",Contracted man-years unadjusted for long term leaves,2008,NA
Helse Fonna HF,Shared services,"Man years, total",Contracted man-years unadjusted for long term leaves,2020,NA
Helse Fonna HF,Shared services,"Man years, total",Contracted man-years unadjusted for long term leaves,2021,NA
Helse Fonna HF,Shared services,"Man years, total",Contracted man-years adjusted for long term leaves per 1 000 inhabitants,2008,NA
Helse Fonna HF,Shared services,"Man years, total",Contracted man-years adjusted for long term leaves per 1 000 inhabitants,2020,NA
Helse Fonna HF,Shared services,"Man years, total",Contracted man-years adjusted for long term leaves per 1 000 inhabitants,2021,NA
Helse Fonna HF,Shared services,"Man years, total",Employed persons per 1 000 inhabitants,2008,NA
Helse Fonna HF,Shared services,"Man years, total",Employed persons per 1 000 inhabitants,2020,NA
Helse Fonna HF,Shared services,"Man years, total",Employed persons per 1 000 inhabitants,2021,NA
Helse Fonna HF,Shared services,"Service, technical  and/or operating procedures",Contracted man-years unadjusted for long term leaves,2008,NA
Helse Fonna HF,Shared services,"Service, technical  and/or operating procedures",Contracted man-years unadjusted for long term leaves,2020,NA
Helse Fonna HF,Shared services,"Service, technical  and/or operating procedures",Contracted man-years unadjusted for long term leaves,2021,NA
Helse Fonna HF,Shared services,"Service, technical  and/or operating procedures",Contracted man-years adjusted for long term leaves per 1 000 inhabitants,2008,NA
Helse Fonna HF,Shared services,"Service, technical  and/or operating procedures",Contracted man-years adjusted for long term leaves per 1 000 inhabitants,2020,NA
Helse Fonna HF,Shared services,"Service, technical  and/or operating procedures",Contracted man-years adjusted for long term leaves per 1 000 inhabitants,2021,NA
Helse Fonna HF,Shared services,"Service, technical  and/or operating procedures",Employed persons per 1 000 inhabitants,2008,NA
Helse Fonna HF,Shared services,"Service, technical  and/or operating procedures",Employed persons per 1 000 inhabitants,2020,NA
Helse Fonna HF,Shared services,"Service, technical  and/or operating procedures",Employed persons per 1 000 inhabitants,2021,NA
Helse Fonna HF,Shared services,Other occupations,Contracted man-years unadjusted for long term leaves,2008,NA
Helse Fonna HF,Shared services,Other occupations,Contracted man-years unadjusted for long term leaves,2020,NA
Helse Fonna HF,Shared services,Other occupations,Contracted man-years unadjusted for long term leaves,2021,NA
Helse Fonna HF,Shared services,Other occupations,Contracted man-years adjusted for long term leaves per 1 000 inhabitants,2008,NA
Helse Fonna HF,Shared services,Other occupations,Contracted man-years adjusted for long term leaves per 1 000 inhabitants,2020,NA
Helse Fonna HF,Shared services,Other occupations,Contracted man-years adjusted for long term leaves per 1 000 inhabitants,2021,NA
Helse Fonna HF,Shared services,Other occupations,Employed persons per 1 000 inhabitants,2008,NA
Helse Fonna HF,Shared services,Other occupations,Employed persons per 1 000 inhabitants,2020,NA
Helse Fonna HF,Shared services,Other occupations,Employed persons per 1 000 inhabitants,2021,NA
Helse Midt-Norge RHF,Total,"Man years, total",Contracted man-years unadjusted for long term leaves,2008,NA
Helse Midt-Norge RHF,Total,"Man years, total",Contracted man-years unadjusted for long term leaves,2020,NA
Helse Midt-Norge RHF,Total,"Man years, total",Contracted man-years unadjusted for long term leaves,2021,NA
Helse Midt-Norge RHF,Total,"Man years, total",Contracted man-years adjusted for long term leaves per 1 000 inhabitants,2008,NA
Helse Midt-Norge RHF,Total,"Man years, total",Contracted man-years adjusted for long term leaves per 1 000 inhabitants,2020,NA
Helse Midt-Norge RHF,Total,"Man years, total",Contracted man-years adjusted for long term leaves per 1 000 inhabitants,2021,NA
Helse Midt-Norge RHF,Total,"Man years, total",Employed persons per 1 000 inhabitants,2008,NA
Helse Midt-Norge RHF,Total,"Man years, total",Employed persons per 1 000 inhabitants,2020,NA
Helse Midt-Norge RHF,Total,"Man years, total",Employed persons per 1 000 inhabitants,2021,NA
Helse Midt-Norge RHF,Total,"Service, technical  and/or operating procedures",Contracted man-years unadjusted for long term leaves,2008,NA
Helse Midt-Norge RHF,Total,"Service, technical  and/or operating procedures",Contracted man-years unadjusted for long term leaves,2020,NA
Helse Midt-Norge RHF,Total,"Service, technical  and/or operating procedures",Contracted man-years unadjusted for long term leaves,2021,NA
Helse Midt-Norge RHF,Total,"Service, technical  and/or operating procedures",Contracted man-years adjusted for long term leaves per 1 000 inhabitants,2008,NA
Helse Midt-Norge RHF,Total,"Service, technical  and/or operating procedures",Contracted man-years adjusted for long term leaves per 1 000 inhabitants,2020,NA
Helse Midt-Norge RHF,Total,"Service, technical  and/or operating procedures",Contracted man-years adjusted for long term leaves per 1 000 inhabitants,2021,NA
Helse Midt-Norge RHF,Total,"Service, technical  and/or operating procedures",Employed persons per 1 000 inhabitants,2008,NA
Helse Midt-Norge RHF,Total,"Service, technical  and/or operating procedures",Employed persons per 1 000 inhabitants,2020,NA
Helse Midt-Norge RHF,Total,"Service, technical  and/or operating procedures",Employed persons per 1 000 inhabitants,2021,NA
Helse Midt-Norge RHF,Total,Other occupations,Contracted man-years unadjusted for long term leaves,2008,NA
Helse Midt-Norge RHF,Total,Other occupations,Contracted man-years unadjusted for long term leaves,2020,NA
Helse Midt-Norge RHF,Total,Other occupations,Contracted man-years unadjusted for long term leaves,2021,NA
Helse Midt-Norge RHF,Total,Other occupations,Contracted man-years adjusted for long term leaves per 1 000 inhabitants,2008,NA
Helse Midt-Norge RHF,Total,Other occupations,Contracted man-years adjusted for long term leaves per 1 000 inhabitants,2020,NA
Helse Midt-Norge RHF,Total,Other occupations,Contracted man-years adjusted for long term leaves per 1 000 inhabitants,2021,NA
Helse Midt-Norge RHF,Total,Other occupations,Employed persons per 1 000 inhabitants,2008,NA
Helse Midt-Norge RHF,Total,Other occupations,Employed persons per 1 000 inhabitants,2020,NA
Helse Midt-Norge RHF,Total,Other occupations,Employed persons per 1 000 inhabitants,2021,NA
Helse Midt-Norge RHF,Ambulance service,"Man years, total",Contracted man-years unadjusted for long term leaves,2008,NA
Helse Midt-Norge RHF,Ambulance service,"Man years, total",Contracted man-years unadjusted for long term leaves,2020,NA
Helse Midt-Norge RHF,Ambulance service,"Man years, total",Contracted man-years unadjusted for long term leaves,2021,NA
Helse Midt-Norge RHF,Ambulance service,"Man years, total",Contracted man-years adjusted for long term leaves per 1 000 inhabitants,2008,NA
Helse Midt-Norge RHF,Ambulance service,"Man years, total",Contracted man-years adjusted for long term leaves per 1 000 inhabitants,2020,NA
Helse Midt-Norge RHF,Ambulance service,"Man years, total",Contracted man-years adjusted for long term leaves per 1 000 inhabitants,2021,NA
Helse Midt-Norge RHF,Ambulance service,"Man years, total",Employed persons per 1 000 inhabitants,2008,NA
Helse Midt-Norge RHF,Ambulance service,"Man years, total",Employed persons per 1 000 inhabitants,2020,NA
Helse Midt-Norge RHF,Ambulance service,"Man years, total",Employed persons per 1 000 inhabitants,2021,NA
Helse Midt-Norge RHF,Ambulance service,"Service, technical  and/or operating procedures",Contracted man-years unadjusted for long term leaves,2008,NA
Helse Midt-Norge RHF,Ambulance service,"Service, technical  and/or operating procedures",Contracted man-years unadjusted for long term leaves,2020,NA
Helse Midt-Norge RHF,Ambulance service,"Service, technical  and/or operating procedures",Contracted man-years unadjusted for long term leaves,2021,NA
Helse Midt-Norge RHF,Ambulance service,"Service, technical  and/or operating procedures",Contracted man-years adjusted for long term leaves per 1 000 inhabitants,2008,NA
Helse Midt-Norge RHF,Ambulance service,"Service, technical  and/or operating procedures",Contracted man-years adjusted for long term leaves per 1 000 inhabitants,2020,NA
Helse Midt-Norge RHF,Ambulance service,"Service, technical  and/or operating procedures",Contracted man-years adjusted for long term leaves per 1 000 inhabitants,2021,NA
Helse Midt-Norge RHF,Ambulance service,"Service, technical  and/or operating procedures",Employed persons per 1 000 inhabitants,2008,NA
Helse Midt-Norge RHF,Ambulance service,"Service, technical  and/or operating procedures",Employed persons per 1 000 inhabitants,2020,NA
Helse Midt-Norge RHF,Ambulance service,"Service, technical  and/or operating procedures",Employed persons per 1 000 inhabitants,2021,NA
Helse Midt-Norge RHF,Ambulance service,Other occupations,Contracted man-years unadjusted for long term leaves,2008,NA
Helse Midt-Norge RHF,Ambulance service,Other occupations,Contracted man-years unadjusted for long term leaves,2020,NA
Helse Midt-Norge RHF,Ambulance service,Other occupations,Contracted man-years unadjusted for long term leaves,2021,NA
Helse Midt-Norge RHF,Ambulance service,Other occupations,Contracted man-years adjusted for long term leaves per 1 000 inhabitants,2008,NA
Helse Midt-Norge RHF,Ambulance service,Other occupations,Contracted man-years adjusted for long term leaves per 1 000 inhabitants,2020,NA
Helse Midt-Norge RHF,Ambulance service,Other occupations,Contracted man-years adjusted for long term leaves per 1 000 inhabitants,2021,NA
Helse Midt-Norge RHF,Ambulance service,Other occupations,Employed persons per 1 000 inhabitants,2008,NA
Helse Midt-Norge RHF,Ambulance service,Other occupations,Employed persons per 1 000 inhabitants,2020,NA
Helse Midt-Norge RHF,Ambulance service,Other occupations,Employed persons per 1 000 inhabitants,2021,NA
Helse Midt-Norge RHF,Shared services,"Man years, total",Contracted man-years unadjusted for long term leaves,2008,NA
Helse Midt-Norge RHF,Shared services,"Man years, total",Contracted man-years unadjusted for long term leaves,2020,NA
Helse Midt-Norge RHF,Shared services,"Man years, total",Contracted man-years unadjusted for long term leaves,2021,NA
Helse Midt-Norge RHF,Shared services,"Man years, total",Contracted man-years adjusted for long term leaves per 1 000 inhabitants,2008,NA
Helse Midt-Norge RHF,Shared services,"Man years, total",Contracted man-years adjusted for long term leaves per 1 000 inhabitants,2020,NA
Helse Midt-Norge RHF,Shared services,"Man years, total",Contracted man-years adjusted for long term leaves per 1 000 inhabitants,2021,NA
Helse Midt-Norge RHF,Shared services,"Man years, total",Employed persons per 1 000 inhabitants,2008,NA
Helse Midt-Norge RHF,Shared services,"Man years, total",Employed persons per 1 000 inhabitants,2020,NA
Helse Midt-Norge RHF,Shared services,"Man years, total",Employed persons per 1 000 inhabitants,2021,NA
Helse Midt-Norge RHF,Shared services,"Service, technical  and/or operating procedures",Contracted man-years unadjusted for long term leaves,2008,NA
Helse Midt-Norge RHF,Shared services,"Service, technical  and/or operating procedures",Contracted man-years unadjusted for long term leaves,2020,NA
Helse Midt-Norge RHF,Shared services,"Service, technical  and/or operating procedures",Contracted man-years unadjusted for long term leaves,2021,NA
Helse Midt-Norge RHF,Shared services,"Service, technical  and/or operating procedures",Contracted man-years adjusted for long term leaves per 1 000 inhabitants,2008,NA
Helse Midt-Norge RHF,Shared services,"Service, technical  and/or operating procedures",Contracted man-years adjusted for long term leaves per 1 000 inhabitants,2020,NA
Helse Midt-Norge RHF,Shared services,"Service, technical  and/or operating procedures",Contracted man-years adjusted for long term leaves per 1 000 inhabitants,2021,NA
Helse Midt-Norge RHF,Shared services,"Service, technical  and/or operating procedures",Employed persons per 1 000 inhabitants,2008,NA
Helse Midt-Norge RHF,Shared services,"Service, technical  and/or operating procedures",Employed persons per 1 000 inhabitants,2020,NA
Helse Midt-Norge RHF,Shared services,"Service, technical  and/or operating procedures",Employed persons per 1 000 inhabitants,2021,NA
Helse Midt-Norge RHF,Shared services,Other occupations,Contracted man-years unadjusted for long term leaves,2008,NA
Helse Midt-Norge RHF,Shared services,Other occupations,Contracted man-years unadjusted for long term leaves,2020,NA
Helse Midt-Norge RHF,Shared services,Other occupations,Contracted man-years unadjusted for long term leaves,2021,NA
Helse Midt-Norge RHF,Shared services,Other occupations,Contracted man-years adjusted for long term leaves per 1 000 inhabitants,2008,NA
Helse Midt-Norge RHF,Shared services,Other occupations,Contracted man-years adjusted for long term leaves per 1 000 inhabitants,2020,NA
Helse Midt-Norge RHF,Shared services,Other occupations,Contracted man-years adjusted for long term leaves per 1 000 inhabitants,2021,NA
Helse Midt-Norge RHF,Shared services,Other occupations,Employed persons per 1 000 inhabitants,2008,NA
Helse Midt-Norge RHF,Shared services,Other occupations,Employed persons per 1 000 inhabitants,2020,NA
Helse Midt-Norge RHF,Shared services,Other occupations,Employed persons per 1 000 inhabitants,2021,NA
St Olavs Hospital HF,Total,"Man years, total",Contracted man-years unadjusted for long term leaves,2008,NA
St Olavs Hospital HF,Total,"Man years, total",Contracted man-years unadjusted for long term leaves,2020,NA
St Olavs Hospital HF,Total,"Man years, total",Contracted man-years unadjusted for long term leaves,2021,NA
St Olavs Hospital HF,Total,"Man years, total",Contracted man-years adjusted for long term leaves per 1 000 inhabitants,2008,NA
St Olavs Hospital HF,Total,"Man years, total",Contracted man-years adjusted for long term leaves per 1 000 inhabitants,2020,NA
St Olavs Hospital HF,Total,"Man years, total",Contracted man-years adjusted for long term leaves per 1 000 inhabitants,2021,NA
St Olavs Hospital HF,Total,"Man years, total",Employed persons per 1 000 inhabitants,2008,NA
St Olavs Hospital HF,Total,"Man years, total",Employed persons per 1 000 inhabitants,2020,NA
St Olavs Hospital HF,Total,"Man years, total",Employed persons per 1 000 inhabitants,2021,NA
St Olavs Hospital HF,Total,"Service, technical  and/or operating procedures",Contracted man-years unadjusted for long term leaves,2008,NA
St Olavs Hospital HF,Total,"Service, technical  and/or operating procedures",Contracted man-years unadjusted for long term leaves,2020,NA
St Olavs Hospital HF,Total,"Service, technical  and/or operating procedures",Contracted man-years unadjusted for long term leaves,2021,NA
St Olavs Hospital HF,Total,"Service, technical  and/or operating procedures",Contracted man-years adjusted for long term leaves per 1 000 inhabitants,2008,NA
St Olavs Hospital HF,Total,"Service, technical  and/or operating procedures",Contracted man-years adjusted for long term leaves per 1 000 inhabitants,2020,NA
St Olavs Hospital HF,Total,"Service, technical  and/or operating procedures",Contracted man-years adjusted for long term leaves per 1 000 inhabitants,2021,NA
St Olavs Hospital HF,Total,"Service, technical  and/or operating procedures",Employed persons per 1 000 inhabitants,2008,NA
St Olavs Hospital HF,Total,"Service, technical  and/or operating procedures",Employed persons per 1 000 inhabitants,2020,NA
St Olavs Hospital HF,Total,"Service, technical  and/or operating procedures",Employed persons per 1 000 inhabitants,2021,NA
St Olavs Hospital HF,Total,Other occupations,Contracted man-years unadjusted for long term leaves,2008,NA
St Olavs Hospital HF,Total,Other occupations,Contracted man-years unadjusted for long term leaves,2020,NA
St Olavs Hospital HF,Total,Other occupations,Contracted man-years unadjusted for long term leaves,2021,NA
St Olavs Hospital HF,Total,Other occupations,Contracted man-years adjusted for long term leaves per 1 000 inhabitants,2008,NA
St Olavs Hospital HF,Total,Other occupations,Contracted man-years adjusted for long term leaves per 1 000 inhabitants,2020,NA
St Olavs Hospital HF,Total,Other occupations,Contracted man-years adjusted for long term leaves per 1 000 inhabitants,2021,NA
St Olavs Hospital HF,Total,Other occupations,Employed persons per 1 000 inhabitants,2008,NA
St Olavs Hospital HF,Total,Other occupations,Employed persons per 1 000 inhabitants,2020,NA
St Olavs Hospital HF,Total,Other occupations,Employed persons per 1 000 inhabitants,2021,NA
St Olavs Hospital HF,Ambulance service,"Man years, total",Contracted man-years unadjusted for long term leaves,2008,NA
St Olavs Hospital HF,Ambulance service,"Man years, total",Contracted man-years unadjusted for long term leaves,2020,NA
St Olavs Hospital HF,Ambulance service,"Man years, total",Contracted man-years unadjusted for long term leaves,2021,NA
St Olavs Hospital HF,Ambulance service,"Man years, total",Contracted man-years adjusted for long term leaves per 1 000 inhabitants,2008,NA
St Olavs Hospital HF,Ambulance service,"Man years, total",Contracted man-years adjusted for long term leaves per 1 000 inhabitants,2020,NA
St Olavs Hospital HF,Ambulance service,"Man years, total",Contracted man-years adjusted for long term leaves per 1 000 inhabitants,2021,NA
St Olavs Hospital HF,Ambulance service,"Man years, total",Employed persons per 1 000 inhabitants,2008,NA
St Olavs Hospital HF,Ambulance service,"Man years, total",Employed persons per 1 000 inhabitants,2020,NA
St Olavs Hospital HF,Ambulance service,"Man years, total",Employed persons per 1 000 inhabitants,2021,NA
St Olavs Hospital HF,Ambulance service,"Service, technical  and/or operating procedures",Contracted man-years unadjusted for long term leaves,2008,NA
St Olavs Hospital HF,Ambulance service,"Service, technical  and/or operating procedures",Contracted man-years unadjusted for long term leaves,2020,NA
St Olavs Hospital HF,Ambulance service,"Service, technical  and/or operating procedures",Contracted man-years unadjusted for long term leaves,2021,NA
St Olavs Hospital HF,Ambulance service,"Service, technical  and/or operating procedures",Contracted man-years adjusted for long term leaves per 1 000 inhabitants,2008,NA
St Olavs Hospital HF,Ambulance service,"Service, technical  and/or operating procedures",Contracted man-years adjusted for long term leaves per 1 000 inhabitants,2020,NA
St Olavs Hospital HF,Ambulance service,"Service, technical  and/or operating procedures",Contracted man-years adjusted for long term leaves per 1 000 inhabitants,2021,NA
St Olavs Hospital HF,Ambulance service,"Service, technical  and/or operating procedures",Employed persons per 1 000 inhabitants,2008,NA
St Olavs Hospital HF,Ambulance service,"Service, technical  and/or operating procedures",Employed persons per 1 000 inhabitants,2020,NA
St Olavs Hospital HF,Ambulance service,"Service, technical  and/or operating procedures",Employed persons per 1 000 inhabitants,2021,NA
St Olavs Hospital HF,Ambulance service,Other occupations,Contracted man-years unadjusted for long term leaves,2008,NA
St Olavs Hospital HF,Ambulance service,Other occupations,Contracted man-years unadjusted for long term leaves,2020,NA
St Olavs Hospital HF,Ambulance service,Other occupations,Contracted man-years unadjusted for long term leaves,2021,NA
St Olavs Hospital HF,Ambulance service,Other occupations,Contracted man-years adjusted for long term leaves per 1 000 inhabitants,2008,NA
St Olavs Hospital HF,Ambulance service,Other occupations,Contracted man-years adjusted for long term leaves per 1 000 inhabitants,2020,NA
St Olavs Hospital HF,Ambulance service,Other occupations,Contracted man-years adjusted for long term leaves per 1 000 inhabitants,2021,NA
St Olavs Hospital HF,Ambulance service,Other occupations,Employed persons per 1 000 inhabitants,2008,NA
St Olavs Hospital HF,Ambulance service,Other occupations,Employed persons per 1 000 inhabitants,2020,NA
St Olavs Hospital HF,Ambulance service,Other occupations,Employed persons per 1 000 inhabitants,2021,NA
St Olavs Hospital HF,Shared services,"Man years, total",Contracted man-years unadjusted for long term leaves,2008,NA
St Olavs Hospital HF,Shared services,"Man years, total",Contracted man-years unadjusted for long term leaves,2020,NA
St Olavs Hospital HF,Shared services,"Man years, total",Contracted man-years unadjusted for long term leaves,2021,NA
St Olavs Hospital HF,Shared services,"Man years, total",Contracted man-years adjusted for long term leaves per 1 000 inhabitants,2008,NA
St Olavs Hospital HF,Shared services,"Man years, total",Contracted man-years adjusted for long term leaves per 1 000 inhabitants,2020,NA
St Olavs Hospital HF,Shared services,"Man years, total",Contracted man-years adjusted for long term leaves per 1 000 inhabitants,2021,NA
St Olavs Hospital HF,Shared services,"Man years, total",Employed persons per 1 000 inhabitants,2008,NA
St Olavs Hospital HF,Shared services,"Man years, total",Employed persons per 1 000 inhabitants,2020,NA
St Olavs Hospital HF,Shared services,"Man years, total",Employed persons per 1 000 inhabitants,2021,NA
St Olavs Hospital HF,Shared services,"Service, technical  and/or operating procedures",Contracted man-years unadjusted for long term leaves,2008,NA
St Olavs Hospital HF,Shared services,"Service, technical  and/or operating procedures",Contracted man-years unadjusted for long term leaves,2020,NA
St Olavs Hospital HF,Shared services,"Service, technical  and/or operating procedures",Contracted man-years unadjusted for long term leaves,2021,NA
St Olavs Hospital HF,Shared services,"Service, technical  and/or operating procedures",Contracted man-years adjusted for long term leaves per 1 000 inhabitants,2008,NA
St Olavs Hospital HF,Shared services,"Service, technical  and/or operating procedures",Contracted man-years adjusted for long term leaves per 1 000 inhabitants,2020,NA
St Olavs Hospital HF,Shared services,"Service, technical  and/or operating procedures",Contracted man-years adjusted for long term leaves per 1 000 inhabitants,2021,NA
St Olavs Hospital HF,Shared services,"Service, technical  and/or operating procedures",Employed persons per 1 000 inhabitants,2008,NA
St Olavs Hospital HF,Shared services,"Service, technical  and/or operating procedures",Employed persons per 1 000 inhabitants,2020,NA
St Olavs Hospital HF,Shared services,"Service, technical  and/or operating procedures",Employed persons per 1 000 inhabitants,2021,NA
St Olavs Hospital HF,Shared services,Other occupations,Contracted man-years unadjusted for long term leaves,2008,NA
St Olavs Hospital HF,Shared services,Other occupations,Contracted man-years unadjusted for long term leaves,2020,NA
St Olavs Hospital HF,Shared services,Other occupations,Contracted man-years unadjusted for long term leaves,2021,NA
St Olavs Hospital HF,Shared services,Other occupations,Contracted man-years adjusted for long term leaves per 1 000 inhabitants,2008,NA
St Olavs Hospital HF,Shared services,Other occupations,Contracted man-years adjusted for long term leaves per 1 000 inhabitants,2020,NA
St Olavs Hospital HF,Shared services,Other occupations,Contracted man-years adjusted for long term leaves per 1 000 inhabitants,2021,NA
St Olavs Hospital HF,Shared services,Other occupations,Employed persons per 1 000 inhabitants,2008,NA
St Olavs Hospital HF,Shared services,Other occupations,Employed persons per 1 000 inhabitants,2020,NA
St Olavs Hospital HF,Shared services,Other occupations,Employed persons per 1 000 inhabitants,2021,NA
Helse Sunnmøre HF  (2002-2010),Total,"Man years, total",Contracted man-years unadjusted for long term leaves,2008,NA
Helse Sunnmøre HF  (2002-2010),Total,"Man years, total",Contracted man-years unadjusted for long term leaves,2020,NA
Helse Sunnmøre HF  (2002-2010),Total,"Man years, total",Contracted man-years unadjusted for long term leaves,2021,NA
Helse Sunnmøre HF  (2002-2010),Total,"Man years, total",Contracted man-years adjusted for long term leaves per 1 000 inhabitants,2008,NA
Helse Sunnmøre HF  (2002-2010),Total,"Man years, total",Contracted man-years adjusted for long term leaves per 1 000 inhabitants,2020,NA
Helse Sunnmøre HF  (2002-2010),Total,"Man years, total",Contracted man-years adjusted for long term leaves per 1 000 inhabitants,2021,NA
Helse Sunnmøre HF  (2002-2010),Total,"Man years, total",Employed persons per 1 000 inhabitants,2008,NA
Helse Sunnmøre HF  (2002-2010),Total,"Man years, total",Employed persons per 1 000 inhabitants,2020,NA
Helse Sunnmøre HF  (2002-2010),Total,"Man years, total",Employed persons per 1 000 inhabitants,2021,NA
Helse Sunnmøre HF  (2002-2010),Total,"Service, technical  and/or operating procedures",Contracted man-years unadjusted for long term leaves,2008,NA
Helse Sunnmøre HF  (2002-2010),Total,"Service, technical  and/or operating procedures",Contracted man-years unadjusted for long term leaves,2020,NA
Helse Sunnmøre HF  (2002-2010),Total,"Service, technical  and/or operating procedures",Contracted man-years unadjusted for long term leaves,2021,NA
Helse Sunnmøre HF  (2002-2010),Total,"Service, technical  and/or operating procedures",Contracted man-years adjusted for long term leaves per 1 000 inhabitants,2008,NA
Helse Sunnmøre HF  (2002-2010),Total,"Service, technical  and/or operating procedures",Contracted man-years adjusted for long term leaves per 1 000 inhabitants,2020,NA
Helse Sunnmøre HF  (2002-2010),Total,"Service, technical  and/or operating procedures",Contracted man-years adjusted for long term leaves per 1 000 inhabitants,2021,NA
Helse Sunnmøre HF  (2002-2010),Total,"Service, technical  and/or operating procedures",Employed persons per 1 000 inhabitants,2008,NA
Helse Sunnmøre HF  (2002-2010),Total,"Service, technical  and/or operating procedures",Employed persons per 1 000 inhabitants,2020,NA
Helse Sunnmøre HF  (2002-2010),Total,"Service, technical  and/or operating procedures",Employed persons per 1 000 inhabitants,2021,NA
Helse Sunnmøre HF  (2002-2010),Total,Other occupations,Contracted man-years unadjusted for long term leaves,2008,NA
Helse Sunnmøre HF  (2002-2010),Total,Other occupations,Contracted man-years unadjusted for long term leaves,2020,NA
Helse Sunnmøre HF  (2002-2010),Total,Other occupations,Contracted man-years unadjusted for long term leaves,2021,NA
Helse Sunnmøre HF  (2002-2010),Total,Other occupations,Contracted man-years adjusted for long term leaves per 1 000 inhabitants,2008,NA
Helse Sunnmøre HF  (2002-2010),Total,Other occupations,Contracted man-years adjusted for long term leaves per 1 000 inhabitants,2020,NA
Helse Sunnmøre HF  (2002-2010),Total,Other occupations,Contracted man-years adjusted for long term leaves per 1 000 inhabitants,2021,NA
Helse Sunnmøre HF  (2002-2010),Total,Other occupations,Employed persons per 1 000 inhabitants,2008,NA
Helse Sunnmøre HF  (2002-2010),Total,Other occupations,Employed persons per 1 000 inhabitants,2020,NA
Helse Sunnmøre HF  (2002-2010),Total,Other occupations,Employed persons per 1 000 inhabitants,2021,NA
Helse Sunnmøre HF  (2002-2010),Ambulance service,"Man years, total",Contracted man-years unadjusted for long term leaves,2008,NA
Helse Sunnmøre HF  (2002-2010),Ambulance service,"Man years, total",Contracted man-years unadjusted for long term leaves,2020,NA
Helse Sunnmøre HF  (2002-2010),Ambulance service,"Man years, total",Contracted man-years unadjusted for long term leaves,2021,NA
Helse Sunnmøre HF  (2002-2010),Ambulance service,"Man years, total",Contracted man-years adjusted for long term leaves per 1 000 inhabitants,2008,NA
Helse Sunnmøre HF  (2002-2010),Ambulance service,"Man years, total",Contracted man-years adjusted for long term leaves per 1 000 inhabitants,2020,NA
Helse Sunnmøre HF  (2002-2010),Ambulance service,"Man years, total",Contracted man-years adjusted for long term leaves per 1 000 inhabitants,2021,NA
Helse Sunnmøre HF  (2002-2010),Ambulance service,"Man years, total",Employed persons per 1 000 inhabitants,2008,NA
Helse Sunnmøre HF  (2002-2010),Ambulance service,"Man years, total",Employed persons per 1 000 inhabitants,2020,NA
Helse Sunnmøre HF  (2002-2010),Ambulance service,"Man years, total",Employed persons per 1 000 inhabitants,2021,NA
Helse Sunnmøre HF  (2002-2010),Ambulance service,"Service, technical  and/or operating procedures",Contracted man-years unadjusted for long term leaves,2008,NA
Helse Sunnmøre HF  (2002-2010),Ambulance service,"Service, technical  and/or operating procedures",Contracted man-years unadjusted for long term leaves,2020,NA
Helse Sunnmøre HF  (2002-2010),Ambulance service,"Service, technical  and/or operating procedures",Contracted man-years unadjusted for long term leaves,2021,NA
Helse Sunnmøre HF  (2002-2010),Ambulance service,"Service, technical  and/or operating procedures",Contracted man-years adjusted for long term leaves per 1 000 inhabitants,2008,NA
Helse Sunnmøre HF  (2002-2010),Ambulance service,"Service, technical  and/or operating procedures",Contracted man-years adjusted for long term leaves per 1 000 inhabitants,2020,NA
Helse Sunnmøre HF  (2002-2010),Ambulance service,"Service, technical  and/or operating procedures",Contracted man-years adjusted for long term leaves per 1 000 inhabitants,2021,NA
Helse Sunnmøre HF  (2002-2010),Ambulance service,"Service, technical  and/or operating procedures",Employed persons per 1 000 inhabitants,2008,NA
Helse Sunnmøre HF  (2002-2010),Ambulance service,"Service, technical  and/or operating procedures",Employed persons per 1 000 inhabitants,2020,NA
Helse Sunnmøre HF  (2002-2010),Ambulance service,"Service, technical  and/or operating procedures",Employed persons per 1 000 inhabitants,2021,NA
Helse Sunnmøre HF  (2002-2010),Ambulance service,Other occupations,Contracted man-years unadjusted for long term leaves,2008,NA
Helse Sunnmøre HF  (2002-2010),Ambulance service,Other occupations,Contracted man-years unadjusted for long term leaves,2020,NA
Helse Sunnmøre HF  (2002-2010),Ambulance service,Other occupations,Contracted man-years unadjusted for long term leaves,2021,NA
Helse Sunnmøre HF  (2002-2010),Ambulance service,Other occupations,Contracted man-years adjusted for long term leaves per 1 000 inhabitants,2008,NA
Helse Sunnmøre HF  (2002-2010),Ambulance service,Other occupations,Contracted man-years adjusted for long term leaves per 1 000 inhabitants,2020,NA
Helse Sunnmøre HF  (2002-2010),Ambulance service,Other occupations,Contracted man-years adjusted for long term leaves per 1 000 inhabitants,2021,NA
Helse Sunnmøre HF  (2002-2010),Ambulance service,Other occupations,Employed persons per 1 000 inhabitants,2008,NA
Helse Sunnmøre HF  (2002-2010),Ambulance service,Other occupations,Employed persons per 1 000 inhabitants,2020,NA
Helse Sunnmøre HF  (2002-2010),Ambulance service,Other occupations,Employed persons per 1 000 inhabitants,2021,NA
Helse Sunnmøre HF  (2002-2010),Shared services,"Man years, total",Contracted man-years unadjusted for long term leaves,2008,NA
Helse Sunnmøre HF  (2002-2010),Shared services,"Man years, total",Contracted man-years unadjusted for long term leaves,2020,NA
Helse Sunnmøre HF  (2002-2010),Shared services,"Man years, total",Contracted man-years unadjusted for long term leaves,2021,NA
Helse Sunnmøre HF  (2002-2010),Shared services,"Man years, total",Contracted man-years adjusted for long term leaves per 1 000 inhabitants,2008,NA
Helse Sunnmøre HF  (2002-2010),Shared services,"Man years, total",Contracted man-years adjusted for long term leaves per 1 000 inhabitants,2020,NA
Helse Sunnmøre HF  (2002-2010),Shared services,"Man years, total",Contracted man-years adjusted for long term leaves per 1 000 inhabitants,2021,NA
Helse Sunnmøre HF  (2002-2010),Shared services,"Man years, total",Employed persons per 1 000 inhabitants,2008,NA
Helse Sunnmøre HF  (2002-2010),Shared services,"Man years, total",Employed persons per 1 000 inhabitants,2020,NA
Helse Sunnmøre HF  (2002-2010),Shared services,"Man years, total",Employed persons per 1 000 inhabitants,2021,NA
Helse Sunnmøre HF  (2002-2010),Shared services,"Service, technical  and/or operating procedures",Contracted man-years unadjusted for long term leaves,2008,NA
Helse Sunnmøre HF  (2002-2010),Shared services,"Service, technical  and/or operating procedures",Contracted man-years unadjusted for long term leaves,2020,NA
Helse Sunnmøre HF  (2002-2010),Shared services,"Service, technical  and/or operating procedures",Contracted man-years unadjusted for long term leaves,2021,NA
Helse Sunnmøre HF  (2002-2010),Shared services,"Service, technical  and/or operating procedures",Contracted man-years adjusted for long term leaves per 1 000 inhabitants,2008,NA
Helse Sunnmøre HF  (2002-2010),Shared services,"Service, technical  and/or operating procedures",Contracted man-years adjusted for long term leaves per 1 000 inhabitants,2020,NA
Helse Sunnmøre HF  (2002-2010),Shared services,"Service, technical  and/or operating procedures",Contracted man-years adjusted for long term leaves per 1 000 inhabitants,2021,NA
Helse Sunnmøre HF  (2002-2010),Shared services,"Service, technical  and/or operating procedures",Employed persons per 1 000 inhabitants,2008,NA
Helse Sunnmøre HF  (2002-2010),Shared services,"Service, technical  and/or operating procedures",Employed persons per 1 000 inhabitants,2020,NA
Helse Sunnmøre HF  (2002-2010),Shared services,"Service, technical  and/or operating procedures",Employed persons per 1 000 inhabitants,2021,NA
Helse Sunnmøre HF  (2002-2010),Shared services,Other occupations,Contracted man-years unadjusted for long term leaves,2008,NA
Helse Sunnmøre HF  (2002-2010),Shared services,Other occupations,Contracted man-years unadjusted for long term leaves,2020,NA
Helse Sunnmøre HF  (2002-2010),Shared services,Other occupations,Contracted man-years unadjusted for long term leaves,2021,NA
Helse Sunnmøre HF  (2002-2010),Shared services,Other occupations,Contracted man-years adjusted for long term leaves per 1 000 inhabitants,2008,NA
Helse Sunnmøre HF  (2002-2010),Shared services,Other occupations,Contracted man-years adjusted for long term leaves per 1 000 inhabitants,2020,NA
Helse Sunnmøre HF  (2002-2010),Shared services,Other occupations,Contracted man-years adjusted for long term leaves per 1 000 inhabitants,2021,NA
Helse Sunnmøre HF  (2002-2010),Shared services,Other occupations,Employed persons per 1 000 inhabitants,2008,NA
Helse Sunnmøre HF  (2002-2010),Shared services,Other occupations,Employed persons per 1 000 inhabitants,2020,NA
Helse Sunnmøre HF  (2002-2010),Shared services,Other occupations,Employed persons per 1 000 inhabitants,2021,NA
Oslo Universitetssykehus HF (2009-),Total,"Man years, total",Contracted man-years unadjusted for long term leaves,2008,NA
Oslo Universitetssykehus HF (2009-),Total,"Man years, total",Contracted man-years unadjusted for long term leaves,2020,NA
Oslo Universitetssykehus HF (2009-),Total,"Man years, total",Contracted man-years unadjusted for long term leaves,2021,NA
Oslo Universitetssykehus HF (2009-),Total,"Man years, total",Contracted man-years adjusted for long term leaves per 1 000 inhabitants,2008,NA
Oslo Universitetssykehus HF (2009-),Total,"Man years, total",Contracted man-years adjusted for long term leaves per 1 000 inhabitants,2020,NA
Oslo Universitetssykehus HF (2009-),Total,"Man years, total",Contracted man-years adjusted for long term leaves per 1 000 inhabitants,2021,NA
Oslo Universitetssykehus HF (2009-),Total,"Man years, total",Employed persons per 1 000 inhabitants,2008,NA
Oslo Universitetssykehus HF (2009-),Total,"Man years, total",Employed persons per 1 000 inhabitants,2020,NA
Oslo Universitetssykehus HF (2009-),Total,"Man years, total",Employed persons per 1 000 inhabitants,2021,NA
Oslo Universitetssykehus HF (2009-),Total,"Service, technical  and/or operating procedures",Contracted man-years unadjusted for long term leaves,2008,NA
Oslo Universitetssykehus HF (2009-),Total,"Service, technical  and/or operating procedures",Contracted man-years unadjusted for long term leaves,2020,NA
Oslo Universitetssykehus HF (2009-),Total,"Service, technical  and/or operating procedures",Contracted man-years unadjusted for long term leaves,2021,NA
Oslo Universitetssykehus HF (2009-),Total,"Service, technical  and/or operating procedures",Contracted man-years adjusted for long term leaves per 1 000 inhabitants,2008,NA
Oslo Universitetssykehus HF (2009-),Total,"Service, technical  and/or operating procedures",Contracted man-years adjusted for long term leaves per 1 000 inhabitants,2020,NA
Oslo Universitetssykehus HF (2009-),Total,"Service, technical  and/or operating procedures",Contracted man-years adjusted for long term leaves per 1 000 inhabitants,2021,NA
Oslo Universitetssykehus HF (2009-),Total,"Service, technical  and/or operating procedures",Employed persons per 1 000 inhabitants,2008,NA
Oslo Universitetssykehus HF (2009-),Total,"Service, technical  and/or operating procedures",Employed persons per 1 000 inhabitants,2020,NA
Oslo Universitetssykehus HF (2009-),Total,"Service, technical  and/or operating procedures",Employed persons per 1 000 inhabitants,2021,NA
Oslo Universitetssykehus HF (2009-),Total,Other occupations,Contracted man-years unadjusted for long term leaves,2008,NA
Oslo Universitetssykehus HF (2009-),Total,Other occupations,Contracted man-years unadjusted for long term leaves,2020,NA
Oslo Universitetssykehus HF (2009-),Total,Other occupations,Contracted man-years unadjusted for long term leaves,2021,NA
Oslo Universitetssykehus HF (2009-),Total,Other occupations,Contracted man-years adjusted for long term leaves per 1 000 inhabitants,2008,NA
Oslo Universitetssykehus HF (2009-),Total,Other occupations,Contracted man-years adjusted for long term leaves per 1 000 inhabitants,2020,NA
Oslo Universitetssykehus HF (2009-),Total,Other occupations,Contracted man-years adjusted for long term leaves per 1 000 inhabitants,2021,NA
Oslo Universitetssykehus HF (2009-),Total,Other occupations,Employed persons per 1 000 inhabitants,2008,NA
Oslo Universitetssykehus HF (2009-),Total,Other occupations,Employed persons per 1 000 inhabitants,2020,NA
Oslo Universitetssykehus HF (2009-),Total,Other occupations,Employed persons per 1 000 inhabitants,2021,NA
Oslo Universitetssykehus HF (2009-),Ambulance service,"Man years, total",Contracted man-years unadjusted for long term leaves,2008,NA
Oslo Universitetssykehus HF (2009-),Ambulance service,"Man years, total",Contracted man-years unadjusted for long term leaves,2020,NA
Oslo Universitetssykehus HF (2009-),Ambulance service,"Man years, total",Contracted man-years unadjusted for long term leaves,2021,NA
Oslo Universitetssykehus HF (2009-),Ambulance service,"Man years, total",Contracted man-years adjusted for long term leaves per 1 000 inhabitants,2008,NA
Oslo Universitetssykehus HF (2009-),Ambulance service,"Man years, total",Contracted man-years adjusted for long term leaves per 1 000 inhabitants,2020,NA
Oslo Universitetssykehus HF (2009-),Ambulance service,"Man years, total",Contracted man-years adjusted for long term leaves per 1 000 inhabitants,2021,NA
Oslo Universitetssykehus HF (2009-),Ambulance service,"Man years, total",Employed persons per 1 000 inhabitants,2008,NA
Oslo Universitetssykehus HF (2009-),Ambulance service,"Man years, total",Employed persons per 1 000 inhabitants,2020,NA
Oslo Universitetssykehus HF (2009-),Ambulance service,"Man years, total",Employed persons per 1 000 inhabitants,2021,NA
Oslo Universitetssykehus HF (2009-),Ambulance service,"Service, technical  and/or operating procedures",Contracted man-years unadjusted for long term leaves,2008,NA
Oslo Universitetssykehus HF (2009-),Ambulance service,"Service, technical  and/or operating procedures",Contracted man-years unadjusted for long term leaves,2020,NA
Oslo Universitetssykehus HF (2009-),Ambulance service,"Service, technical  and/or operating procedures",Contracted man-years unadjusted for long term leaves,2021,NA
Oslo Universitetssykehus HF (2009-),Ambulance service,"Service, technical  and/or operating procedures",Contracted man-years adjusted for long term leaves per 1 000 inhabitants,2008,NA
Oslo Universitetssykehus HF (2009-),Ambulance service,"Service, technical  and/or operating procedures",Contracted man-years adjusted for long term leaves per 1 000 inhabitants,2020,NA
Oslo Universitetssykehus HF (2009-),Ambulance service,"Service, technical  and/or operating procedures",Contracted man-years adjusted for long term leaves per 1 000 inhabitants,2021,NA
Oslo Universitetssykehus HF (2009-),Ambulance service,"Service, technical  and/or operating procedures",Employed persons per 1 000 inhabitants,2008,NA
Oslo Universitetssykehus HF (2009-),Ambulance service,"Service, technical  and/or operating procedures",Employed persons per 1 000 inhabitants,2020,NA
Oslo Universitetssykehus HF (2009-),Ambulance service,"Service, technical  and/or operating procedures",Employed persons per 1 000 inhabitants,2021,NA
Oslo Universitetssykehus HF (2009-),Ambulance service,Other occupations,Contracted man-years unadjusted for long term leaves,2008,NA
Oslo Universitetssykehus HF (2009-),Ambulance service,Other occupations,Contracted man-years unadjusted for long term leaves,2020,NA
Oslo Universitetssykehus HF (2009-),Ambulance service,Other occupations,Contracted man-years unadjusted for long term leaves,2021,NA
Oslo Universitetssykehus HF (2009-),Ambulance service,Other occupations,Contracted man-years adjusted for long term leaves per 1 000 inhabitants,2008,NA
Oslo Universitetssykehus HF (2009-),Ambulance service,Other occupations,Contracted man-years adjusted for long term leaves per 1 000 inhabitants,2020,NA
Oslo Universitetssykehus HF (2009-),Ambulance service,Other occupations,Contracted man-years adjusted for long term leaves per 1 000 inhabitants,2021,NA
Oslo Universitetssykehus HF (2009-),Ambulance service,Other occupations,Employed persons per 1 000 inhabitants,2008,NA
Oslo Universitetssykehus HF (2009-),Ambulance service,Other occupations,Employed persons per 1 000 inhabitants,2020,NA
Oslo Universitetssykehus HF (2009-),Ambulance service,Other occupations,Employed persons per 1 000 inhabitants,2021,NA
Oslo Universitetssykehus HF (2009-),Shared services,"Man years, total",Contracted man-years unadjusted for long term leaves,2008,NA
Oslo Universitetssykehus HF (2009-),Shared services,"Man years, total",Contracted man-years unadjusted for long term leaves,2020,NA
Oslo Universitetssykehus HF (2009-),Shared services,"Man years, total",Contracted man-years unadjusted for long term leaves,2021,NA
Oslo Universitetssykehus HF (2009-),Shared services,"Man years, total",Contracted man-years adjusted for long term leaves per 1 000 inhabitants,2008,NA
Oslo Universitetssykehus HF (2009-),Shared services,"Man years, total",Contracted man-years adjusted for long term leaves per 1 000 inhabitants,2020,NA
Oslo Universitetssykehus HF (2009-),Shared services,"Man years, total",Contracted man-years adjusted for long term leaves per 1 000 inhabitants,2021,NA
Oslo Universitetssykehus HF (2009-),Shared services,"Man years, total",Employed persons per 1 000 inhabitants,2008,NA
Oslo Universitetssykehus HF (2009-),Shared services,"Man years, total",Employed persons per 1 000 inhabitants,2020,NA
Oslo Universitetssykehus HF (2009-),Shared services,"Man years, total",Employed persons per 1 000 inhabitants,2021,NA
Oslo Universitetssykehus HF (2009-),Shared services,"Service, technical  and/or operating procedures",Contracted man-years unadjusted for long term leaves,2008,NA
Oslo Universitetssykehus HF (2009-),Shared services,"Service, technical  and/or operating procedures",Contracted man-years unadjusted for long term leaves,2020,NA
Oslo Universitetssykehus HF (2009-),Shared services,"Service, technical  and/or operating procedures",Contracted man-years unadjusted for long term leaves,2021,NA
Oslo Universitetssykehus HF (2009-),Shared services,"Service, technical  and/or operating procedures",Contracted man-years adjusted for long term leaves per 1 000 inhabitants,2008,NA
Oslo Universitetssykehus HF (2009-),Shared services,"Service, technical  and/or operating procedures",Contracted man-years adjusted for long term leaves per 1 000 inhabitants,2020,NA
Oslo Universitetssykehus HF (2009-),Shared services,"Service, technical  and/or operating procedures",Contracted man-years adjusted for long term leaves per 1 000 inhabitants,2021,NA
Oslo Universitetssykehus HF (2009-),Shared services,"Service, technical  and/or operating procedures",Employed persons per 1 000 inhabitants,2008,NA
Oslo Universitetssykehus HF (2009-),Shared services,"Service, technical  and/or operating procedures",Employed persons per 1 000 inhabitants,2020,NA
Oslo Universitetssykehus HF (2009-),Shared services,"Service, technical  and/or operating procedures",Employed persons per 1 000 inhabitants,2021,NA
Oslo Universitetssykehus HF (2009-),Shared services,Other occupations,Contracted man-years unadjusted for long term leaves,2008,NA
Oslo Universitetssykehus HF (2009-),Shared services,Other occupations,Contracted man-years unadjusted for long term leaves,2020,NA
Oslo Universitetssykehus HF (2009-),Shared services,Other occupations,Contracted man-years unadjusted for long term leaves,2021,NA
Oslo Universitetssykehus HF (2009-),Shared services,Other occupations,Contracted man-years adjusted for long term leaves per 1 000 inhabitants,2008,NA
Oslo Universitetssykehus HF (2009-),Shared services,Other occupations,Contracted man-years adjusted for long term leaves per 1 000 inhabitants,2020,NA
Oslo Universitetssykehus HF (2009-),Shared services,Other occupations,Contracted man-years adjusted for long term leaves per 1 000 inhabitants,2021,NA
Oslo Universitetssykehus HF (2009-),Shared services,Other occupations,Employed persons per 1 000 inhabitants,2008,NA
Oslo Universitetssykehus HF (2009-),Shared services,Other occupations,Employed persons per 1 000 inhabitants,2020,NA
Oslo Universitetssykehus HF (2009-),Shared services,Other occupations,Employed persons per 1 000 inhabitants,2021,NA
Helse Nordmøre og Romsdal HF  (2002-2010),Total,"Man years, total",Contracted man-years unadjusted for long term leaves,2008,NA
Helse Nordmøre og Romsdal HF  (2002-2010),Total,"Man years, total",Contracted man-years unadjusted for long term leaves,2020,NA
Helse Nordmøre og Romsdal HF  (2002-2010),Total,"Man years, total",Contracted man-years unadjusted for long term leaves,2021,NA
Helse Nordmøre og Romsdal HF  (2002-2010),Total,"Man years, total",Contracted man-years adjusted for long term leaves per 1 000 inhabitants,2008,NA
Helse Nordmøre og Romsdal HF  (2002-2010),Total,"Man years, total",Contracted man-years adjusted for long term leaves per 1 000 inhabitants,2020,NA
Helse Nordmøre og Romsdal HF  (2002-2010),Total,"Man years, total",Contracted man-years adjusted for long term leaves per 1 000 inhabitants,2021,NA
Helse Nordmøre og Romsdal HF  (2002-2010),Total,"Man years, total",Employed persons per 1 000 inhabitants,2008,NA
Helse Nordmøre og Romsdal HF  (2002-2010),Total,"Man years, total",Employed persons per 1 000 inhabitants,2020,NA
Helse Nordmøre og Romsdal HF  (2002-2010),Total,"Man years, total",Employed persons per 1 000 inhabitants,2021,NA
Helse Nordmøre og Romsdal HF  (2002-2010),Total,"Service, technical  and/or operating procedures",Contracted man-years unadjusted for long term leaves,2008,NA
Helse Nordmøre og Romsdal HF  (2002-2010),Total,"Service, technical  and/or operating procedures",Contracted man-years unadjusted for long term leaves,2020,NA
Helse Nordmøre og Romsdal HF  (2002-2010),Total,"Service, technical  and/or operating procedures",Contracted man-years unadjusted for long term leaves,2021,NA
Helse Nordmøre og Romsdal HF  (2002-2010),Total,"Service, technical  and/or operating procedures",Contracted man-years adjusted for long term leaves per 1 000 inhabitants,2008,NA
Helse Nordmøre og Romsdal HF  (2002-2010),Total,"Service, technical  and/or operating procedures",Contracted man-years adjusted for long term leaves per 1 000 inhabitants,2020,NA
Helse Nordmøre og Romsdal HF  (2002-2010),Total,"Service, technical  and/or operating procedures",Contracted man-years adjusted for long term leaves per 1 000 inhabitants,2021,NA
Helse Nordmøre og Romsdal HF  (2002-2010),Total,"Service, technical  and/or operating procedures",Employed persons per 1 000 inhabitants,2008,NA
Helse Nordmøre og Romsdal HF  (2002-2010),Total,"Service, technical  and/or operating procedures",Employed persons per 1 000 inhabitants,2020,NA
Helse Nordmøre og Romsdal HF  (2002-2010),Total,"Service, technical  and/or operating procedures",Employed persons per 1 000 inhabitants,2021,NA
Helse Nordmøre og Romsdal HF  (2002-2010),Total,Other occupations,Contracted man-years unadjusted for long term leaves,2008,NA
Helse Nordmøre og Romsdal HF  (2002-2010),Total,Other occupations,Contracted man-years unadjusted for long term leaves,2020,NA
Helse Nordmøre og Romsdal HF  (2002-2010),Total,Other occupations,Contracted man-years unadjusted for long term leaves,2021,NA
Helse Nordmøre og Romsdal HF  (2002-2010),Total,Other occupations,Contracted man-years adjusted for long term leaves per 1 000 inhabitants,2008,NA
Helse Nordmøre og Romsdal HF  (2002-2010),Total,Other occupations,Contracted man-years adjusted for long term leaves per 1 000 inhabitants,2020,NA
Helse Nordmøre og Romsdal HF  (2002-2010),Total,Other occupations,Contracted man-years adjusted for long term leaves per 1 000 inhabitants,2021,NA
Helse Nordmøre og Romsdal HF  (2002-2010),Total,Other occupations,Employed persons per 1 000 inhabitants,2008,NA
Helse Nordmøre og Romsdal HF  (2002-2010),Total,Other occupations,Employed persons per 1 000 inhabitants,2020,NA
Helse Nordmøre og Romsdal HF  (2002-2010),Total,Other occupations,Employed persons per 1 000 inhabitants,2021,NA
Helse Nordmøre og Romsdal HF  (2002-2010),Ambulance service,"Man years, total",Contracted man-years unadjusted for long term leaves,2008,NA
Helse Nordmøre og Romsdal HF  (2002-2010),Ambulance service,"Man years, total",Contracted man-years unadjusted for long term leaves,2020,NA
Helse Nordmøre og Romsdal HF  (2002-2010),Ambulance service,"Man years, total",Contracted man-years unadjusted for long term leaves,2021,NA
Helse Nordmøre og Romsdal HF  (2002-2010),Ambulance service,"Man years, total",Contracted man-years adjusted for long term leaves per 1 000 inhabitants,2008,NA
Helse Nordmøre og Romsdal HF  (2002-2010),Ambulance service,"Man years, total",Contracted man-years adjusted for long term leaves per 1 000 inhabitants,2020,NA
Helse Nordmøre og Romsdal HF  (2002-2010),Ambulance service,"Man years, total",Contracted man-years adjusted for long term leaves per 1 000 inhabitants,2021,NA
Helse Nordmøre og Romsdal HF  (2002-2010),Ambulance service,"Man years, total",Employed persons per 1 000 inhabitants,2008,NA
Helse Nordmøre og Romsdal HF  (2002-2010),Ambulance service,"Man years, total",Employed persons per 1 000 inhabitants,2020,NA
Helse Nordmøre og Romsdal HF  (2002-2010),Ambulance service,"Man years, total",Employed persons per 1 000 inhabitants,2021,NA
Helse Nordmøre og Romsdal HF  (2002-2010),Ambulance service,"Service, technical  and/or operating procedures",Contracted man-years unadjusted for long term leaves,2008,NA
Helse Nordmøre og Romsdal HF  (2002-2010),Ambulance service,"Service, technical  and/or operating procedures",Contracted man-years unadjusted for long term leaves,2020,NA
Helse Nordmøre og Romsdal HF  (2002-2010),Ambulance service,"Service, technical  and/or operating procedures",Contracted man-years unadjusted for long term leaves,2021,NA
Helse Nordmøre og Romsdal HF  (2002-2010),Ambulance service,"Service, technical  and/or operating procedures",Contracted man-years adjusted for long term leaves per 1 000 inhabitants,2008,NA
Helse Nordmøre og Romsdal HF  (2002-2010),Ambulance service,"Service, technical  and/or operating procedures",Contracted man-years adjusted for long term leaves per 1 000 inhabitants,2020,NA
Helse Nordmøre og Romsdal HF  (2002-2010),Ambulance service,"Service, technical  and/or operating procedures",Contracted man-years adjusted for long term leaves per 1 000 inhabitants,2021,NA
Helse Nordmøre og Romsdal HF  (2002-2010),Ambulance service,"Service, technical  and/or operating procedures",Employed persons per 1 000 inhabitants,2008,NA
Helse Nordmøre og Romsdal HF  (2002-2010),Ambulance service,"Service, technical  and/or operating procedures",Employed persons per 1 000 inhabitants,2020,NA
Helse Nordmøre og Romsdal HF  (2002-2010),Ambulance service,"Service, technical  and/or operating procedures",Employed persons per 1 000 inhabitants,2021,NA
Helse Nordmøre og Romsdal HF  (2002-2010),Ambulance service,Other occupations,Contracted man-years unadjusted for long term leaves,2008,NA
Helse Nordmøre og Romsdal HF  (2002-2010),Ambulance service,Other occupations,Contracted man-years unadjusted for long term leaves,2020,NA
Helse Nordmøre og Romsdal HF  (2002-2010),Ambulance service,Other occupations,Contracted man-years unadjusted for long term leaves,2021,NA
Helse Nordmøre og Romsdal HF  (2002-2010),Ambulance service,Other occupations,Contracted man-years adjusted for long term leaves per 1 000 inhabitants,2008,NA
Helse Nordmøre og Romsdal HF  (2002-2010),Ambulance service,Other occupations,Contracted man-years adjusted for long term leaves per 1 000 inhabitants,2020,NA
Helse Nordmøre og Romsdal HF  (2002-2010),Ambulance service,Other occupations,Contracted man-years adjusted for long term leaves per 1 000 inhabitants,2021,NA
Helse Nordmøre og Romsdal HF  (2002-2010),Ambulance service,Other occupations,Employed persons per 1 000 inhabitants,2008,NA
Helse Nordmøre og Romsdal HF  (2002-2010),Ambulance service,Other occupations,Employed persons per 1 000 inhabitants,2020,NA
Helse Nordmøre og Romsdal HF  (2002-2010),Ambulance service,Other occupations,Employed persons per 1 000 inhabitants,2021,NA
Helse Nordmøre og Romsdal HF  (2002-2010),Shared services,"Man years, total",Contracted man-years unadjusted for long term leaves,2008,NA
Helse Nordmøre og Romsdal HF  (2002-2010),Shared services,"Man years, total",Contracted man-years unadjusted for long term leaves,2020,NA
Helse Nordmøre og Romsdal HF  (2002-2010),Shared services,"Man years, total",Contracted man-years unadjusted for long term leaves,2021,NA
Helse Nordmøre og Romsdal HF  (2002-2010),Shared services,"Man years, total",Contracted man-years adjusted for long term leaves per 1 000 inhabitants,2008,NA
Helse Nordmøre og Romsdal HF  (2002-2010),Shared services,"Man years, total",Contracted man-years adjusted for long term leaves per 1 000 inhabitants,2020,NA
Helse Nordmøre og Romsdal HF  (2002-2010),Shared services,"Man years, total",Contracted man-years adjusted for long term leaves per 1 000 inhabitants,2021,NA
Helse Nordmøre og Romsdal HF  (2002-2010),Shared services,"Man years, total",Employed persons per 1 000 inhabitants,2008,NA
Helse Nordmøre og Romsdal HF  (2002-2010),Shared services,"Man years, total",Employed persons per 1 000 inhabitants,2020,NA
Helse Nordmøre og Romsdal HF  (2002-2010),Shared services,"Man years, total",Employed persons per 1 000 inhabitants,2021,NA
Helse Nordmøre og Romsdal HF  (2002-2010),Shared services,"Service, technical  and/or operating procedures",Contracted man-years unadjusted for long term leaves,2008,NA
Helse Nordmøre og Romsdal HF  (2002-2010),Shared services,"Service, technical  and/or operating procedures",Contracted man-years unadjusted for long term leaves,2020,NA
Helse Nordmøre og Romsdal HF  (2002-2010),Shared services,"Service, technical  and/or operating procedures",Contracted man-years unadjusted for long term leaves,2021,NA
Helse Nordmøre og Romsdal HF  (2002-2010),Shared services,"Service, technical  and/or operating procedures",Contracted man-years adjusted for long term leaves per 1 000 inhabitants,2008,NA
Helse Nordmøre og Romsdal HF  (2002-2010),Shared services,"Service, technical  and/or operating procedures",Contracted man-years adjusted for long term leaves per 1 000 inhabitants,2020,NA
Helse Nordmøre og Romsdal HF  (2002-2010),Shared services,"Service, technical  and/or operating procedures",Contracted man-years adjusted for long term leaves per 1 000 inhabitants,2021,NA
Helse Nordmøre og Romsdal HF  (2002-2010),Shared services,"Service, technical  and/or operating procedures",Employed persons per 1 000 inhabitants,2008,NA
Helse Nordmøre og Romsdal HF  (2002-2010),Shared services,"Service, technical  and/or operating procedures",Employed persons per 1 000 inhabitants,2020,NA
Helse Nordmøre og Romsdal HF  (2002-2010),Shared services,"Service, technical  and/or operating procedures",Employed persons per 1 000 inhabitants,2021,NA
Helse Nordmøre og Romsdal HF  (2002-2010),Shared services,Other occupations,Contracted man-years unadjusted for long term leaves,2008,NA
Helse Nordmøre og Romsdal HF  (2002-2010),Shared services,Other occupations,Contracted man-years unadjusted for long term leaves,2020,NA
Helse Nordmøre og Romsdal HF  (2002-2010),Shared services,Other occupations,Contracted man-years unadjusted for long term leaves,2021,NA
Helse Nordmøre og Romsdal HF  (2002-2010),Shared services,Other occupations,Contracted man-years adjusted for long term leaves per 1 000 inhabitants,2008,NA
Helse Nordmøre og Romsdal HF  (2002-2010),Shared services,Other occupations,Contracted man-years adjusted for long term leaves per 1 000 inhabitants,2020,NA
Helse Nordmøre og Romsdal HF  (2002-2010),Shared services,Other occupations,Contracted man-years adjusted for long term leaves per 1 000 inhabitants,2021,NA
Helse Nordmøre og Romsdal HF  (2002-2010),Shared services,Other occupations,Employed persons per 1 000 inhabitants,2008,NA
Helse Nordmøre og Romsdal HF  (2002-2010),Shared services,Other occupations,Employed persons per 1 000 inhabitants,2020,NA
Helse Nordmøre og Romsdal HF  (2002-2010),Shared services,Other occupations,Employed persons per 1 000 inhabitants,2021,NA
Vestre Viken HF (2009-),Total,"Man years, total",Contracted man-years unadjusted for long term leaves,2008,NA
Vestre Viken HF (2009-),Total,"Man years, total",Contracted man-years unadjusted for long term leaves,2020,NA
Vestre Viken HF (2009-),Total,"Man years, total",Contracted man-years unadjusted for long term leaves,2021,NA
Vestre Viken HF (2009-),Total,"Man years, total",Contracted man-years adjusted for long term leaves per 1 000 inhabitants,2008,NA
Vestre Viken HF (2009-),Total,"Man years, total",Contracted man-years adjusted for long term leaves per 1 000 inhabitants,2020,NA
Vestre Viken HF (2009-),Total,"Man years, total",Contracted man-years adjusted for long term leaves per 1 000 inhabitants,2021,NA
Vestre Viken HF (2009-),Total,"Man years, total",Employed persons per 1 000 inhabitants,2008,NA
Vestre Viken HF (2009-),Total,"Man years, total",Employed persons per 1 000 inhabitants,2020,NA
Vestre Viken HF (2009-),Total,"Man years, total",Employed persons per 1 000 inhabitants,2021,NA
Vestre Viken HF (2009-),Total,"Service, technical  and/or operating procedures",Contracted man-years unadjusted for long term leaves,2008,NA
Vestre Viken HF (2009-),Total,"Service, technical  and/or operating procedures",Contracted man-years unadjusted for long term leaves,2020,NA
Vestre Viken HF (2009-),Total,"Service, technical  and/or operating procedures",Contracted man-years unadjusted for long term leaves,2021,NA
Vestre Viken HF (2009-),Total,"Service, technical  and/or operating procedures",Contracted man-years adjusted for long term leaves per 1 000 inhabitants,2008,NA
Vestre Viken HF (2009-),Total,"Service, technical  and/or operating procedures",Contracted man-years adjusted for long term leaves per 1 000 inhabitants,2020,NA
Vestre Viken HF (2009-),Total,"Service, technical  and/or operating procedures",Contracted man-years adjusted for long term leaves per 1 000 inhabitants,2021,NA
Vestre Viken HF (2009-),Total,"Service, technical  and/or operating procedures",Employed persons per 1 000 inhabitants,2008,NA
Vestre Viken HF (2009-),Total,"Service, technical  and/or operating procedures",Employed persons per 1 000 inhabitants,2020,NA
Vestre Viken HF (2009-),Total,"Service, technical  and/or operating procedures",Employed persons per 1 000 inhabitants,2021,NA
Vestre Viken HF (2009-),Total,Other occupations,Contracted man-years unadjusted for long term leaves,2008,NA
Vestre Viken HF (2009-),Total,Other occupations,Contracted man-years unadjusted for long term leaves,2020,NA
Vestre Viken HF (2009-),Total,Other occupations,Contracted man-years unadjusted for long term leaves,2021,NA
Vestre Viken HF (2009-),Total,Other occupations,Contracted man-years adjusted for long term leaves per 1 000 inhabitants,2008,NA
Vestre Viken HF (2009-),Total,Other occupations,Contracted man-years adjusted for long term leaves per 1 000 inhabitants,2020,NA
Vestre Viken HF (2009-),Total,Other occupations,Contracted man-years adjusted for long term leaves per 1 000 inhabitants,2021,NA
Vestre Viken HF (2009-),Total,Other occupations,Employed persons per 1 000 inhabitants,2008,NA
Vestre Viken HF (2009-),Total,Other occupations,Employed persons per 1 000 inhabitants,2020,NA
Vestre Viken HF (2009-),Total,Other occupations,Employed persons per 1 000 inhabitants,2021,NA
Vestre Viken HF (2009-),Ambulance service,"Man years, total",Contracted man-years unadjusted for long term leaves,2008,NA
Vestre Viken HF (2009-),Ambulance service,"Man years, total",Contracted man-years unadjusted for long term leaves,2020,NA
Vestre Viken HF (2009-),Ambulance service,"Man years, total",Contracted man-years unadjusted for long term leaves,2021,NA
Vestre Viken HF (2009-),Ambulance service,"Man years, total",Contracted man-years adjusted for long term leaves per 1 000 inhabitants,2008,NA
Vestre Viken HF (2009-),Ambulance service,"Man years, total",Contracted man-years adjusted for long term leaves per 1 000 inhabitants,2020,NA
Vestre Viken HF (2009-),Ambulance service,"Man years, total",Contracted man-years adjusted for long term leaves per 1 000 inhabitants,2021,NA
Vestre Viken HF (2009-),Ambulance service,"Man years, total",Employed persons per 1 000 inhabitants,2008,NA
Vestre Viken HF (2009-),Ambulance service,"Man years, total",Employed persons per 1 000 inhabitants,2020,NA
Vestre Viken HF (2009-),Ambulance service,"Man years, total",Employed persons per 1 000 inhabitants,2021,NA
Vestre Viken HF (2009-),Ambulance service,"Service, technical  and/or operating procedures",Contracted man-years unadjusted for long term leaves,2008,NA
Vestre Viken HF (2009-),Ambulance service,"Service, technical  and/or operating procedures",Contracted man-years unadjusted for long term leaves,2020,NA
Vestre Viken HF (2009-),Ambulance service,"Service, technical  and/or operating procedures",Contracted man-years unadjusted for long term leaves,2021,NA
Vestre Viken HF (2009-),Ambulance service,"Service, technical  and/or operating procedures",Contracted man-years adjusted for long term leaves per 1 000 inhabitants,2008,NA
Vestre Viken HF (2009-),Ambulance service,"Service, technical  and/or operating procedures",Contracted man-years adjusted for long term leaves per 1 000 inhabitants,2020,NA
Vestre Viken HF (2009-),Ambulance service,"Service, technical  and/or operating procedures",Contracted man-years adjusted for long term leaves per 1 000 inhabitants,2021,NA
Vestre Viken HF (2009-),Ambulance service,"Service, technical  and/or operating procedures",Employed persons per 1 000 inhabitants,2008,NA
Vestre Viken HF (2009-),Ambulance service,"Service, technical  and/or operating procedures",Employed persons per 1 000 inhabitants,2020,NA
Vestre Viken HF (2009-),Ambulance service,"Service, technical  and/or operating procedures",Employed persons per 1 000 inhabitants,2021,NA
Vestre Viken HF (2009-),Ambulance service,Other occupations,Contracted man-years unadjusted for long term leaves,2008,NA
Vestre Viken HF (2009-),Ambulance service,Other occupations,Contracted man-years unadjusted for long term leaves,2020,NA
Vestre Viken HF (2009-),Ambulance service,Other occupations,Contracted man-years unadjusted for long term leaves,2021,NA
Vestre Viken HF (2009-),Ambulance service,Other occupations,Contracted man-years adjusted for long term leaves per 1 000 inhabitants,2008,NA
Vestre Viken HF (2009-),Ambulance service,Other occupations,Contracted man-years adjusted for long term leaves per 1 000 inhabitants,2020,NA
Vestre Viken HF (2009-),Ambulance service,Other occupations,Contracted man-years adjusted for long term leaves per 1 000 inhabitants,2021,NA
Vestre Viken HF (2009-),Ambulance service,Other occupations,Employed persons per 1 000 inhabitants,2008,NA
Vestre Viken HF (2009-),Ambulance service,Other occupations,Employed persons per 1 000 inhabitants,2020,NA
Vestre Viken HF (2009-),Ambulance service,Other occupations,Employed persons per 1 000 inhabitants,2021,NA
Vestre Viken HF (2009-),Shared services,"Man years, total",Contracted man-years unadjusted for long term leaves,2008,NA
Vestre Viken HF (2009-),Shared services,"Man years, total",Contracted man-years unadjusted for long term leaves,2020,NA
Vestre Viken HF (2009-),Shared services,"Man years, total",Contracted man-years unadjusted for long term leaves,2021,NA
Vestre Viken HF (2009-),Shared services,"Man years, total",Contracted man-years adjusted for long term leaves per 1 000 inhabitants,2008,NA
Vestre Viken HF (2009-),Shared services,"Man years, total",Contracted man-years adjusted for long term leaves per 1 000 inhabitants,2020,NA
Vestre Viken HF (2009-),Shared services,"Man years, total",Contracted man-years adjusted for long term leaves per 1 000 inhabitants,2021,NA
Vestre Viken HF (2009-),Shared services,"Man years, total",Employed persons per 1 000 inhabitants,2008,NA
Vestre Viken HF (2009-),Shared services,"Man years, total",Employed persons per 1 000 inhabitants,2020,NA
Vestre Viken HF (2009-),Shared services,"Man years, total",Employed persons per 1 000 inhabitants,2021,NA
Vestre Viken HF (2009-),Shared services,"Service, technical  and/or operating procedures",Contracted man-years unadjusted for long term leaves,2008,NA
Vestre Viken HF (2009-),Shared services,"Service, technical  and/or operating procedures",Contracted man-years unadjusted for long term leaves,2020,NA
Vestre Viken HF (2009-),Shared services,"Service, technical  and/or operating procedures",Contracted man-years unadjusted for long term leaves,2021,NA
Vestre Viken HF (2009-),Shared services,"Service, technical  and/or operating procedures",Contracted man-years adjusted for long term leaves per 1 000 inhabitants,2008,NA
Vestre Viken HF (2009-),Shared services,"Service, technical  and/or operating procedures",Contracted man-years adjusted for long term leaves per 1 000 inhabitants,2020,NA
Vestre Viken HF (2009-),Shared services,"Service, technical  and/or operating procedures",Contracted man-years adjusted for long term leaves per 1 000 inhabitants,2021,NA
Vestre Viken HF (2009-),Shared services,"Service, technical  and/or operating procedures",Employed persons per 1 000 inhabitants,2008,NA
Vestre Viken HF (2009-),Shared services,"Service, technical  and/or operating procedures",Employed persons per 1 000 inhabitants,2020,NA
Vestre Viken HF (2009-),Shared services,"Service, technical  and/or operating procedures",Employed persons per 1 000 inhabitants,2021,NA
Vestre Viken HF (2009-),Shared services,Other occupations,Contracted man-years unadjusted for long term leaves,2008,NA
Vestre Viken HF (2009-),Shared services,Other occupations,Contracted man-years unadjusted for long term leaves,2020,NA
Vestre Viken HF (2009-),Shared services,Other occupations,Contracted man-years unadjusted for long term leaves,2021,NA
Vestre Viken HF (2009-),Shared services,Other occupations,Contracted man-years adjusted for long term leaves per 1 000 inhabitants,2008,NA
Vestre Viken HF (2009-),Shared services,Other occupations,Contracted man-years adjusted for long term leaves per 1 000 inhabitants,2020,NA
Vestre Viken HF (2009-),Shared services,Other occupations,Contracted man-years adjusted for long term leaves per 1 000 inhabitants,2021,NA
Vestre Viken HF (2009-),Shared services,Other occupations,Employed persons per 1 000 inhabitants,2008,NA
Vestre Viken HF (2009-),Shared services,Other occupations,Employed persons per 1 000 inhabitants,2020,NA
Vestre Viken HF (2009-),Shared services,Other occupations,Employed persons per 1 000 inhabitants,2021,NA
Helse Nord Trøndelag HF,Total,"Man years, total",Contracted man-years unadjusted for long term leaves,2008,NA
Helse Nord Trøndelag HF,Total,"Man years, total",Contracted man-years unadjusted for long term leaves,2020,NA
Helse Nord Trøndelag HF,Total,"Man years, total",Contracted man-years unadjusted for long term leaves,2021,NA
Helse Nord Trøndelag HF,Total,"Man years, total",Contracted man-years adjusted for long term leaves per 1 000 inhabitants,2008,NA
Helse Nord Trøndelag HF,Total,"Man years, total",Contracted man-years adjusted for long term leaves per 1 000 inhabitants,2020,NA
Helse Nord Trøndelag HF,Total,"Man years, total",Contracted man-years adjusted for long term leaves per 1 000 inhabitants,2021,NA
Helse Nord Trøndelag HF,Total,"Man years, total",Employed persons per 1 000 inhabitants,2008,NA
Helse Nord Trøndelag HF,Total,"Man years, total",Employed persons per 1 000 inhabitants,2020,NA
Helse Nord Trøndelag HF,Total,"Man years, total",Employed persons per 1 000 inhabitants,2021,NA
Helse Nord Trøndelag HF,Total,"Service, technical  and/or operating procedures",Contracted man-years unadjusted for long term leaves,2008,NA
Helse Nord Trøndelag HF,Total,"Service, technical  and/or operating procedures",Contracted man-years unadjusted for long term leaves,2020,NA
Helse Nord Trøndelag HF,Total,"Service, technical  and/or operating procedures",Contracted man-years unadjusted for long term leaves,2021,NA
Helse Nord Trøndelag HF,Total,"Service, technical  and/or operating procedures",Contracted man-years adjusted for long term leaves per 1 000 inhabitants,2008,NA
Helse Nord Trøndelag HF,Total,"Service, technical  and/or operating procedures",Contracted man-years adjusted for long term leaves per 1 000 inhabitants,2020,NA
Helse Nord Trøndelag HF,Total,"Service, technical  and/or operating procedures",Contracted man-years adjusted for long term leaves per 1 000 inhabitants,2021,NA
Helse Nord Trøndelag HF,Total,"Service, technical  and/or operating procedures",Employed persons per 1 000 inhabitants,2008,NA
Helse Nord Trøndelag HF,Total,"Service, technical  and/or operating procedures",Employed persons per 1 000 inhabitants,2020,NA
Helse Nord Trøndelag HF,Total,"Service, technical  and/or operating procedures",Employed persons per 1 000 inhabitants,2021,NA
Helse Nord Trøndelag HF,Total,Other occupations,Contracted man-years unadjusted for long term leaves,2008,NA
Helse Nord Trøndelag HF,Total,Other occupations,Contracted man-years unadjusted for long term leaves,2020,NA
Helse Nord Trøndelag HF,Total,Other occupations,Contracted man-years unadjusted for long term leaves,2021,NA
Helse Nord Trøndelag HF,Total,Other occupations,Contracted man-years adjusted for long term leaves per 1 000 inhabitants,2008,NA
Helse Nord Trøndelag HF,Total,Other occupations,Contracted man-years adjusted for long term leaves per 1 000 inhabitants,2020,NA
Helse Nord Trøndelag HF,Total,Other occupations,Contracted man-years adjusted for long term leaves per 1 000 inhabitants,2021,NA
Helse Nord Trøndelag HF,Total,Other occupations,Employed persons per 1 000 inhabitants,2008,NA
Helse Nord Trøndelag HF,Total,Other occupations,Employed persons per 1 000 inhabitants,2020,NA
Helse Nord Trøndelag HF,Total,Other occupations,Employed persons per 1 000 inhabitants,2021,NA
Helse Nord Trøndelag HF,Ambulance service,"Man years, total",Contracted man-years unadjusted for long term leaves,2008,NA
Helse Nord Trøndelag HF,Ambulance service,"Man years, total",Contracted man-years unadjusted for long term leaves,2020,NA
Helse Nord Trøndelag HF,Ambulance service,"Man years, total",Contracted man-years unadjusted for long term leaves,2021,NA
Helse Nord Trøndelag HF,Ambulance service,"Man years, total",Contracted man-years adjusted for long term leaves per 1 000 inhabitants,2008,NA
Helse Nord Trøndelag HF,Ambulance service,"Man years, total",Contracted man-years adjusted for long term leaves per 1 000 inhabitants,2020,NA
Helse Nord Trøndelag HF,Ambulance service,"Man years, total",Contracted man-years adjusted for long term leaves per 1 000 inhabitants,2021,NA
Helse Nord Trøndelag HF,Ambulance service,"Man years, total",Employed persons per 1 000 inhabitants,2008,NA
Helse Nord Trøndelag HF,Ambulance service,"Man years, total",Employed persons per 1 000 inhabitants,2020,NA
Helse Nord Trøndelag HF,Ambulance service,"Man years, total",Employed persons per 1 000 inhabitants,2021,NA
Helse Nord Trøndelag HF,Ambulance service,"Service, technical  and/or operating procedures",Contracted man-years unadjusted for long term leaves,2008,NA
Helse Nord Trøndelag HF,Ambulance service,"Service, technical  and/or operating procedures",Contracted man-years unadjusted for long term leaves,2020,NA
Helse Nord Trøndelag HF,Ambulance service,"Service, technical  and/or operating procedures",Contracted man-years unadjusted for long term leaves,2021,NA
Helse Nord Trøndelag HF,Ambulance service,"Service, technical  and/or operating procedures",Contracted man-years adjusted for long term leaves per 1 000 inhabitants,2008,NA
Helse Nord Trøndelag HF,Ambulance service,"Service, technical  and/or operating procedures",Contracted man-years adjusted for long term leaves per 1 000 inhabitants,2020,NA
Helse Nord Trøndelag HF,Ambulance service,"Service, technical  and/or operating procedures",Contracted man-years adjusted for long term leaves per 1 000 inhabitants,2021,NA
Helse Nord Trøndelag HF,Ambulance service,"Service, technical  and/or operating procedures",Employed persons per 1 000 inhabitants,2008,NA
Helse Nord Trøndelag HF,Ambulance service,"Service, technical  and/or operating procedures",Employed persons per 1 000 inhabitants,2020,NA
Helse Nord Trøndelag HF,Ambulance service,"Service, technical  and/or operating procedures",Employed persons per 1 000 inhabitants,2021,NA
Helse Nord Trøndelag HF,Ambulance service,Other occupations,Contracted man-years unadjusted for long term leaves,2008,NA
Helse Nord Trøndelag HF,Ambulance service,Other occupations,Contracted man-years unadjusted for long term leaves,2020,NA
Helse Nord Trøndelag HF,Ambulance service,Other occupations,Contracted man-years unadjusted for long term leaves,2021,NA
Helse Nord Trøndelag HF,Ambulance service,Other occupations,Contracted man-years adjusted for long term leaves per 1 000 inhabitants,2008,NA
Helse Nord Trøndelag HF,Ambulance service,Other occupations,Contracted man-years adjusted for long term leaves per 1 000 inhabitants,2020,NA
Helse Nord Trøndelag HF,Ambulance service,Other occupations,Contracted man-years adjusted for long term leaves per 1 000 inhabitants,2021,NA
Helse Nord Trøndelag HF,Ambulance service,Other occupations,Employed persons per 1 000 inhabitants,2008,NA
Helse Nord Trøndelag HF,Ambulance service,Other occupations,Employed persons per 1 000 inhabitants,2020,NA
Helse Nord Trøndelag HF,Ambulance service,Other occupations,Employed persons per 1 000 inhabitants,2021,NA
Helse Nord Trøndelag HF,Shared services,"Man years, total",Contracted man-years unadjusted for long term leaves,2008,NA
Helse Nord Trøndelag HF,Shared services,"Man years, total",Contracted man-years unadjusted for long term leaves,2020,NA
Helse Nord Trøndelag HF,Shared services,"Man years, total",Contracted man-years unadjusted for long term leaves,2021,NA
Helse Nord Trøndelag HF,Shared services,"Man years, total",Contracted man-years adjusted for long term leaves per 1 000 inhabitants,2008,NA
Helse Nord Trøndelag HF,Shared services,"Man years, total",Contracted man-years adjusted for long term leaves per 1 000 inhabitants,2020,NA
Helse Nord Trøndelag HF,Shared services,"Man years, total",Contracted man-years adjusted for long term leaves per 1 000 inhabitants,2021,NA
Helse Nord Trøndelag HF,Shared services,"Man years, total",Employed persons per 1 000 inhabitants,2008,NA
Helse Nord Trøndelag HF,Shared services,"Man years, total",Employed persons per 1 000 inhabitants,2020,NA
Helse Nord Trøndelag HF,Shared services,"Man years, total",Employed persons per 1 000 inhabitants,2021,NA
Helse Nord Trøndelag HF,Shared services,"Service, technical  and/or operating procedures",Contracted man-years unadjusted for long term leaves,2008,NA
Helse Nord Trøndelag HF,Shared services,"Service, technical  and/or operating procedures",Contracted man-years unadjusted for long term leaves,2020,NA
Helse Nord Trøndelag HF,Shared services,"Service, technical  and/or operating procedures",Contracted man-years unadjusted for long term leaves,2021,NA
Helse Nord Trøndelag HF,Shared services,"Service, technical  and/or operating procedures",Contracted man-years adjusted for long term leaves per 1 000 inhabitants,2008,NA
Helse Nord Trøndelag HF,Shared services,"Service, technical  and/or operating procedures",Contracted man-years adjusted for long term leaves per 1 000 inhabitants,2020,NA
Helse Nord Trøndelag HF,Shared services,"Service, technical  and/or operating procedures",Contracted man-years adjusted for long term leaves per 1 000 inhabitants,2021,NA
Helse Nord Trøndelag HF,Shared services,"Service, technical  and/or operating procedures",Employed persons per 1 000 inhabitants,2008,NA
Helse Nord Trøndelag HF,Shared services,"Service, technical  and/or operating procedures",Employed persons per 1 000 inhabitants,2020,NA
Helse Nord Trøndelag HF,Shared services,"Service, technical  and/or operating procedures",Employed persons per 1 000 inhabitants,2021,NA
Helse Nord Trøndelag HF,Shared services,Other occupations,Contracted man-years unadjusted for long term leaves,2008,NA
Helse Nord Trøndelag HF,Shared services,Other occupations,Contracted man-years unadjusted for long term leaves,2020,NA
Helse Nord Trøndelag HF,Shared services,Other occupations,Contracted man-years unadjusted for long term leaves,2021,NA
Helse Nord Trøndelag HF,Shared services,Other occupations,Contracted man-years adjusted for long term leaves per 1 000 inhabitants,2008,NA
Helse Nord Trøndelag HF,Shared services,Other occupations,Contracted man-years adjusted for long term leaves per 1 000 inhabitants,2020,NA
Helse Nord Trøndelag HF,Shared services,Other occupations,Contracted man-years adjusted for long term leaves per 1 000 inhabitants,2021,NA
Helse Nord Trøndelag HF,Shared services,Other occupations,Employed persons per 1 000 inhabitants,2008,NA
Helse Nord Trøndelag HF,Shared services,Other occupations,Employed persons per 1 000 inhabitants,2020,NA
Helse Nord Trøndelag HF,Shared services,Other occupations,Employed persons per 1 000 inhabitants,2021,NA
Ambulanse Midt-Norge HF (2012-2014),Total,"Man years, total",Contracted man-years unadjusted for long term leaves,2008,NA
Ambulanse Midt-Norge HF (2012-2014),Total,"Man years, total",Contracted man-years unadjusted for long term leaves,2020,NA
Ambulanse Midt-Norge HF (2012-2014),Total,"Man years, total",Contracted man-years unadjusted for long term leaves,2021,NA
Ambulanse Midt-Norge HF (2012-2014),Total,"Man years, total",Contracted man-years adjusted for long term leaves per 1 000 inhabitants,2008,NA
Ambulanse Midt-Norge HF (2012-2014),Total,"Man years, total",Contracted man-years adjusted for long term leaves per 1 000 inhabitants,2020,NA
Ambulanse Midt-Norge HF (2012-2014),Total,"Man years, total",Contracted man-years adjusted for long term leaves per 1 000 inhabitants,2021,NA
Ambulanse Midt-Norge HF (2012-2014),Total,"Man years, total",Employed persons per 1 000 inhabitants,2008,NA
Ambulanse Midt-Norge HF (2012-2014),Total,"Man years, total",Employed persons per 1 000 inhabitants,2020,NA
Ambulanse Midt-Norge HF (2012-2014),Total,"Man years, total",Employed persons per 1 000 inhabitants,2021,NA
Ambulanse Midt-Norge HF (2012-2014),Total,"Service, technical  and/or operating procedures",Contracted man-years unadjusted for long term leaves,2008,NA
Ambulanse Midt-Norge HF (2012-2014),Total,"Service, technical  and/or operating procedures",Contracted man-years unadjusted for long term leaves,2020,NA
Ambulanse Midt-Norge HF (2012-2014),Total,"Service, technical  and/or operating procedures",Contracted man-years unadjusted for long term leaves,2021,NA
Ambulanse Midt-Norge HF (2012-2014),Total,"Service, technical  and/or operating procedures",Contracted man-years adjusted for long term leaves per 1 000 inhabitants,2008,NA
Ambulanse Midt-Norge HF (2012-2014),Total,"Service, technical  and/or operating procedures",Contracted man-years adjusted for long term leaves per 1 000 inhabitants,2020,NA
Ambulanse Midt-Norge HF (2012-2014),Total,"Service, technical  and/or operating procedures",Contracted man-years adjusted for long term leaves per 1 000 inhabitants,2021,NA
Ambulanse Midt-Norge HF (2012-2014),Total,"Service, technical  and/or operating procedures",Employed persons per 1 000 inhabitants,2008,NA
Ambulanse Midt-Norge HF (2012-2014),Total,"Service, technical  and/or operating procedures",Employed persons per 1 000 inhabitants,2020,NA
Ambulanse Midt-Norge HF (2012-2014),Total,"Service, technical  and/or operating procedures",Employed persons per 1 000 inhabitants,2021,NA
Ambulanse Midt-Norge HF (2012-2014),Total,Other occupations,Contracted man-years unadjusted for long term leaves,2008,NA
Ambulanse Midt-Norge HF (2012-2014),Total,Other occupations,Contracted man-years unadjusted for long term leaves,2020,NA
Ambulanse Midt-Norge HF (2012-2014),Total,Other occupations,Contracted man-years unadjusted for long term leaves,2021,NA
Ambulanse Midt-Norge HF (2012-2014),Total,Other occupations,Contracted man-years adjusted for long term leaves per 1 000 inhabitants,2008,NA
Ambulanse Midt-Norge HF (2012-2014),Total,Other occupations,Contracted man-years adjusted for long term leaves per 1 000 inhabitants,2020,NA
Ambulanse Midt-Norge HF (2012-2014),Total,Other occupations,Contracted man-years adjusted for long term leaves per 1 000 inhabitants,2021,NA
Ambulanse Midt-Norge HF (2012-2014),Total,Other occupations,Employed persons per 1 000 inhabitants,2008,NA
Ambulanse Midt-Norge HF (2012-2014),Total,Other occupations,Employed persons per 1 000 inhabitants,2020,NA
Ambulanse Midt-Norge HF (2012-2014),Total,Other occupations,Employed persons per 1 000 inhabitants,2021,NA
Ambulanse Midt-Norge HF (2012-2014),Ambulance service,"Man years, total",Contracted man-years unadjusted for long term leaves,2008,NA
Ambulanse Midt-Norge HF (2012-2014),Ambulance service,"Man years, total",Contracted man-years unadjusted for long term leaves,2020,NA
Ambulanse Midt-Norge HF (2012-2014),Ambulance service,"Man years, total",Contracted man-years unadjusted for long term leaves,2021,NA
Ambulanse Midt-Norge HF (2012-2014),Ambulance service,"Man years, total",Contracted man-years adjusted for long term leaves per 1 000 inhabitants,2008,NA
Ambulanse Midt-Norge HF (2012-2014),Ambulance service,"Man years, total",Contracted man-years adjusted for long term leaves per 1 000 inhabitants,2020,NA
Ambulanse Midt-Norge HF (2012-2014),Ambulance service,"Man years, total",Contracted man-years adjusted for long term leaves per 1 000 inhabitants,2021,NA
Ambulanse Midt-Norge HF (2012-2014),Ambulance service,"Man years, total",Employed persons per 1 000 inhabitants,2008,NA
Ambulanse Midt-Norge HF (2012-2014),Ambulance service,"Man years, total",Employed persons per 1 000 inhabitants,2020,NA
Ambulanse Midt-Norge HF (2012-2014),Ambulance service,"Man years, total",Employed persons per 1 000 inhabitants,2021,NA
Ambulanse Midt-Norge HF (2012-2014),Ambulance service,"Service, technical  and/or operating procedures",Contracted man-years unadjusted for long term leaves,2008,NA
Ambulanse Midt-Norge HF (2012-2014),Ambulance service,"Service, technical  and/or operating procedures",Contracted man-years unadjusted for long term leaves,2020,NA
Ambulanse Midt-Norge HF (2012-2014),Ambulance service,"Service, technical  and/or operating procedures",Contracted man-years unadjusted for long term leaves,2021,NA
Ambulanse Midt-Norge HF (2012-2014),Ambulance service,"Service, technical  and/or operating procedures",Contracted man-years adjusted for long term leaves per 1 000 inhabitants,2008,NA
Ambulanse Midt-Norge HF (2012-2014),Ambulance service,"Service, technical  and/or operating procedures",Contracted man-years adjusted for long term leaves per 1 000 inhabitants,2020,NA
Ambulanse Midt-Norge HF (2012-2014),Ambulance service,"Service, technical  and/or operating procedures",Contracted man-years adjusted for long term leaves per 1 000 inhabitants,2021,NA
Ambulanse Midt-Norge HF (2012-2014),Ambulance service,"Service, technical  and/or operating procedures",Employed persons per 1 000 inhabitants,2008,NA
Ambulanse Midt-Norge HF (2012-2014),Ambulance service,"Service, technical  and/or operating procedures",Employed persons per 1 000 inhabitants,2020,NA
Ambulanse Midt-Norge HF (2012-2014),Ambulance service,"Service, technical  and/or operating procedures",Employed persons per 1 000 inhabitants,2021,NA
Ambulanse Midt-Norge HF (2012-2014),Ambulance service,Other occupations,Contracted man-years unadjusted for long term leaves,2008,NA
Ambulanse Midt-Norge HF (2012-2014),Ambulance service,Other occupations,Contracted man-years unadjusted for long term leaves,2020,NA
Ambulanse Midt-Norge HF (2012-2014),Ambulance service,Other occupations,Contracted man-years unadjusted for long term leaves,2021,NA
Ambulanse Midt-Norge HF (2012-2014),Ambulance service,Other occupations,Contracted man-years adjusted for long term leaves per 1 000 inhabitants,2008,NA
Ambulanse Midt-Norge HF (2012-2014),Ambulance service,Other occupations,Contracted man-years adjusted for long term leaves per 1 000 inhabitants,2020,NA
Ambulanse Midt-Norge HF (2012-2014),Ambulance service,Other occupations,Contracted man-years adjusted for long term leaves per 1 000 inhabitants,2021,NA
Ambulanse Midt-Norge HF (2012-2014),Ambulance service,Other occupations,Employed persons per 1 000 inhabitants,2008,NA
Ambulanse Midt-Norge HF (2012-2014),Ambulance service,Other occupations,Employed persons per 1 000 inhabitants,2020,NA
Ambulanse Midt-Norge HF (2012-2014),Ambulance service,Other occupations,Employed persons per 1 000 inhabitants,2021,NA
Ambulanse Midt-Norge HF (2012-2014),Shared services,"Man years, total",Contracted man-years unadjusted for long term leaves,2008,NA
Ambulanse Midt-Norge HF (2012-2014),Shared services,"Man years, total",Contracted man-years unadjusted for long term leaves,2020,NA
Ambulanse Midt-Norge HF (2012-2014),Shared services,"Man years, total",Contracted man-years unadjusted for long term leaves,2021,NA
Ambulanse Midt-Norge HF (2012-2014),Shared services,"Man years, total",Contracted man-years adjusted for long term leaves per 1 000 inhabitants,2008,NA
Ambulanse Midt-Norge HF (2012-2014),Shared services,"Man years, total",Contracted man-years adjusted for long term leaves per 1 000 inhabitants,2020,NA
Ambulanse Midt-Norge HF (2012-2014),Shared services,"Man years, total",Contracted man-years adjusted for long term leaves per 1 000 inhabitants,2021,NA
Ambulanse Midt-Norge HF (2012-2014),Shared services,"Man years, total",Employed persons per 1 000 inhabitants,2008,NA
Ambulanse Midt-Norge HF (2012-2014),Shared services,"Man years, total",Employed persons per 1 000 inhabitants,2020,NA
Ambulanse Midt-Norge HF (2012-2014),Shared services,"Man years, total",Employed persons per 1 000 inhabitants,2021,NA
Ambulanse Midt-Norge HF (2012-2014),Shared services,"Service, technical  and/or operating procedures",Contracted man-years unadjusted for long term leaves,2008,NA
Ambulanse Midt-Norge HF (2012-2014),Shared services,"Service, technical  and/or operating procedures",Contracted man-years unadjusted for long term leaves,2020,NA
Ambulanse Midt-Norge HF (2012-2014),Shared services,"Service, technical  and/or operating procedures",Contracted man-years unadjusted for long term leaves,2021,NA
Ambulanse Midt-Norge HF (2012-2014),Shared services,"Service, technical  and/or operating procedures",Contracted man-years adjusted for long term leaves per 1 000 inhabitants,2008,NA
Ambulanse Midt-Norge HF (2012-2014),Shared services,"Service, technical  and/or operating procedures",Contracted man-years adjusted for long term leaves per 1 000 inhabitants,2020,NA
Ambulanse Midt-Norge HF (2012-2014),Shared services,"Service, technical  and/or operating procedures",Contracted man-years adjusted for long term leaves per 1 000 inhabitants,2021,NA
Ambulanse Midt-Norge HF (2012-2014),Shared services,"Service, technical  and/or operating procedures",Employed persons per 1 000 inhabitants,2008,NA
Ambulanse Midt-Norge HF (2012-2014),Shared services,"Service, technical  and/or operating procedures",Employed persons per 1 000 inhabitants,2020,NA
Ambulanse Midt-Norge HF (2012-2014),Shared services,"Service, technical  and/or operating procedures",Employed persons per 1 000 inhabitants,2021,NA
Ambulanse Midt-Norge HF (2012-2014),Shared services,Other occupations,Contracted man-years unadjusted for long term leaves,2008,NA
Ambulanse Midt-Norge HF (2012-2014),Shared services,Other occupations,Contracted man-years unadjusted for long term leaves,2020,NA
Ambulanse Midt-Norge HF (2012-2014),Shared services,Other occupations,Contracted man-years unadjusted for long term leaves,2021,NA
Ambulanse Midt-Norge HF (2012-2014),Shared services,Other occupations,Contracted man-years adjusted for long term leaves per 1 000 inhabitants,2008,NA
Ambulanse Midt-Norge HF (2012-2014),Shared services,Other occupations,Contracted man-years adjusted for long term leaves per 1 000 inhabitants,2020,NA
Ambulanse Midt-Norge HF (2012-2014),Shared services,Other occupations,Contracted man-years adjusted for long term leaves per 1 000 inhabitants,2021,NA
Ambulanse Midt-Norge HF (2012-2014),Shared services,Other occupations,Employed persons per 1 000 inhabitants,2008,NA
Ambulanse Midt-Norge HF (2012-2014),Shared services,Other occupations,Employed persons per 1 000 inhabitants,2020,NA
Ambulanse Midt-Norge HF (2012-2014),Shared services,Other occupations,Employed persons per 1 000 inhabitants,2021,NA
Rusbehandling Midt-Norge HF (2004-2013),Total,"Man years, total",Contracted man-years unadjusted for long term leaves,2008,NA
Rusbehandling Midt-Norge HF (2004-2013),Total,"Man years, total",Contracted man-years unadjusted for long term leaves,2020,NA
Rusbehandling Midt-Norge HF (2004-2013),Total,"Man years, total",Contracted man-years unadjusted for long term leaves,2021,NA
Rusbehandling Midt-Norge HF (2004-2013),Total,"Man years, total",Contracted man-years adjusted for long term leaves per 1 000 inhabitants,2008,NA
Rusbehandling Midt-Norge HF (2004-2013),Total,"Man years, total",Contracted man-years adjusted for long term leaves per 1 000 inhabitants,2020,NA
Rusbehandling Midt-Norge HF (2004-2013),Total,"Man years, total",Contracted man-years adjusted for long term leaves per 1 000 inhabitants,2021,NA
Rusbehandling Midt-Norge HF (2004-2013),Total,"Man years, total",Employed persons per 1 000 inhabitants,2008,NA
Rusbehandling Midt-Norge HF (2004-2013),Total,"Man years, total",Employed persons per 1 000 inhabitants,2020,NA
Rusbehandling Midt-Norge HF (2004-2013),Total,"Man years, total",Employed persons per 1 000 inhabitants,2021,NA
Rusbehandling Midt-Norge HF (2004-2013),Total,"Service, technical  and/or operating procedures",Contracted man-years unadjusted for long term leaves,2008,NA
Rusbehandling Midt-Norge HF (2004-2013),Total,"Service, technical  and/or operating procedures",Contracted man-years unadjusted for long term leaves,2020,NA
Rusbehandling Midt-Norge HF (2004-2013),Total,"Service, technical  and/or operating procedures",Contracted man-years unadjusted for long term leaves,2021,NA
Rusbehandling Midt-Norge HF (2004-2013),Total,"Service, technical  and/or operating procedures",Contracted man-years adjusted for long term leaves per 1 000 inhabitants,2008,NA
Rusbehandling Midt-Norge HF (2004-2013),Total,"Service, technical  and/or operating procedures",Contracted man-years adjusted for long term leaves per 1 000 inhabitants,2020,NA
Rusbehandling Midt-Norge HF (2004-2013),Total,"Service, technical  and/or operating procedures",Contracted man-years adjusted for long term leaves per 1 000 inhabitants,2021,NA
Rusbehandling Midt-Norge HF (2004-2013),Total,"Service, technical  and/or operating procedures",Employed persons per 1 000 inhabitants,2008,NA
Rusbehandling Midt-Norge HF (2004-2013),Total,"Service, technical  and/or operating procedures",Employed persons per 1 000 inhabitants,2020,NA
Rusbehandling Midt-Norge HF (2004-2013),Total,"Service, technical  and/or operating procedures",Employed persons per 1 000 inhabitants,2021,NA
Rusbehandling Midt-Norge HF (2004-2013),Total,Other occupations,Contracted man-years unadjusted for long term leaves,2008,NA
Rusbehandling Midt-Norge HF (2004-2013),Total,Other occupations,Contracted man-years unadjusted for long term leaves,2020,NA
Rusbehandling Midt-Norge HF (2004-2013),Total,Other occupations,Contracted man-years unadjusted for long term leaves,2021,NA
Rusbehandling Midt-Norge HF (2004-2013),Total,Other occupations,Contracted man-years adjusted for long term leaves per 1 000 inhabitants,2008,NA
Rusbehandling Midt-Norge HF (2004-2013),Total,Other occupations,Contracted man-years adjusted for long term leaves per 1 000 inhabitants,2020,NA
Rusbehandling Midt-Norge HF (2004-2013),Total,Other occupations,Contracted man-years adjusted for long term leaves per 1 000 inhabitants,2021,NA
Rusbehandling Midt-Norge HF (2004-2013),Total,Other occupations,Employed persons per 1 000 inhabitants,2008,NA
Rusbehandling Midt-Norge HF (2004-2013),Total,Other occupations,Employed persons per 1 000 inhabitants,2020,NA
Rusbehandling Midt-Norge HF (2004-2013),Total,Other occupations,Employed persons per 1 000 inhabitants,2021,NA
Rusbehandling Midt-Norge HF (2004-2013),Ambulance service,"Man years, total",Contracted man-years unadjusted for long term leaves,2008,NA
Rusbehandling Midt-Norge HF (2004-2013),Ambulance service,"Man years, total",Contracted man-years unadjusted for long term leaves,2020,NA
Rusbehandling Midt-Norge HF (2004-2013),Ambulance service,"Man years, total",Contracted man-years unadjusted for long term leaves,2021,NA
Rusbehandling Midt-Norge HF (2004-2013),Ambulance service,"Man years, total",Contracted man-years adjusted for long term leaves per 1 000 inhabitants,2008,NA
Rusbehandling Midt-Norge HF (2004-2013),Ambulance service,"Man years, total",Contracted man-years adjusted for long term leaves per 1 000 inhabitants,2020,NA
Rusbehandling Midt-Norge HF (2004-2013),Ambulance service,"Man years, total",Contracted man-years adjusted for long term leaves per 1 000 inhabitants,2021,NA
Rusbehandling Midt-Norge HF (2004-2013),Ambulance service,"Man years, total",Employed persons per 1 000 inhabitants,2008,NA
Rusbehandling Midt-Norge HF (2004-2013),Ambulance service,"Man years, total",Employed persons per 1 000 inhabitants,2020,NA
Rusbehandling Midt-Norge HF (2004-2013),Ambulance service,"Man years, total",Employed persons per 1 000 inhabitants,2021,NA
Rusbehandling Midt-Norge HF (2004-2013),Ambulance service,"Service, technical  and/or operating procedures",Contracted man-years unadjusted for long term leaves,2008,NA
Rusbehandling Midt-Norge HF (2004-2013),Ambulance service,"Service, technical  and/or operating procedures",Contracted man-years unadjusted for long term leaves,2020,NA
Rusbehandling Midt-Norge HF (2004-2013),Ambulance service,"Service, technical  and/or operating procedures",Contracted man-years unadjusted for long term leaves,2021,NA
Rusbehandling Midt-Norge HF (2004-2013),Ambulance service,"Service, technical  and/or operating procedures",Contracted man-years adjusted for long term leaves per 1 000 inhabitants,2008,NA
Rusbehandling Midt-Norge HF (2004-2013),Ambulance service,"Service, technical  and/or operating procedures",Contracted man-years adjusted for long term leaves per 1 000 inhabitants,2020,NA
Rusbehandling Midt-Norge HF (2004-2013),Ambulance service,"Service, technical  and/or operating procedures",Contracted man-years adjusted for long term leaves per 1 000 inhabitants,2021,NA
Rusbehandling Midt-Norge HF (2004-2013),Ambulance service,"Service, technical  and/or operating procedures",Employed persons per 1 000 inhabitants,2008,NA
Rusbehandling Midt-Norge HF (2004-2013),Ambulance service,"Service, technical  and/or operating procedures",Employed persons per 1 000 inhabitants,2020,NA
Rusbehandling Midt-Norge HF (2004-2013),Ambulance service,"Service, technical  and/or operating procedures",Employed persons per 1 000 inhabitants,2021,NA
Rusbehandling Midt-Norge HF (2004-2013),Ambulance service,Other occupations,Contracted man-years unadjusted for long term leaves,2008,NA
Rusbehandling Midt-Norge HF (2004-2013),Ambulance service,Other occupations,Contracted man-years unadjusted for long term leaves,2020,NA
Rusbehandling Midt-Norge HF (2004-2013),Ambulance service,Other occupations,Contracted man-years unadjusted for long term leaves,2021,NA
Rusbehandling Midt-Norge HF (2004-2013),Ambulance service,Other occupations,Contracted man-years adjusted for long term leaves per 1 000 inhabitants,2008,NA
Rusbehandling Midt-Norge HF (2004-2013),Ambulance service,Other occupations,Contracted man-years adjusted for long term leaves per 1 000 inhabitants,2020,NA
Rusbehandling Midt-Norge HF (2004-2013),Ambulance service,Other occupations,Contracted man-years adjusted for long term leaves per 1 000 inhabitants,2021,NA
Rusbehandling Midt-Norge HF (2004-2013),Ambulance service,Other occupations,Employed persons per 1 000 inhabitants,2008,NA
Rusbehandling Midt-Norge HF (2004-2013),Ambulance service,Other occupations,Employed persons per 1 000 inhabitants,2020,NA
Rusbehandling Midt-Norge HF (2004-2013),Ambulance service,Other occupations,Employed persons per 1 000 inhabitants,2021,NA
Rusbehandling Midt-Norge HF (2004-2013),Shared services,"Man years, total",Contracted man-years unadjusted for long term leaves,2008,NA
Rusbehandling Midt-Norge HF (2004-2013),Shared services,"Man years, total",Contracted man-years unadjusted for long term leaves,2020,NA
Rusbehandling Midt-Norge HF (2004-2013),Shared services,"Man years, total",Contracted man-years unadjusted for long term leaves,2021,NA
Rusbehandling Midt-Norge HF (2004-2013),Shared services,"Man years, total",Contracted man-years adjusted for long term leaves per 1 000 inhabitants,2008,NA
Rusbehandling Midt-Norge HF (2004-2013),Shared services,"Man years, total",Contracted man-years adjusted for long term leaves per 1 000 inhabitants,2020,NA
Rusbehandling Midt-Norge HF (2004-2013),Shared services,"Man years, total",Contracted man-years adjusted for long term leaves per 1 000 inhabitants,2021,NA
Rusbehandling Midt-Norge HF (2004-2013),Shared services,"Man years, total",Employed persons per 1 000 inhabitants,2008,NA
Rusbehandling Midt-Norge HF (2004-2013),Shared services,"Man years, total",Employed persons per 1 000 inhabitants,2020,NA
Rusbehandling Midt-Norge HF (2004-2013),Shared services,"Man years, total",Employed persons per 1 000 inhabitants,2021,NA
Rusbehandling Midt-Norge HF (2004-2013),Shared services,"Service, technical  and/or operating procedures",Contracted man-years unadjusted for long term leaves,2008,NA
Rusbehandling Midt-Norge HF (2004-2013),Shared services,"Service, technical  and/or operating procedures",Contracted man-years unadjusted for long term leaves,2020,NA
Rusbehandling Midt-Norge HF (2004-2013),Shared services,"Service, technical  and/or operating procedures",Contracted man-years unadjusted for long term leaves,2021,NA
Rusbehandling Midt-Norge HF (2004-2013),Shared services,"Service, technical  and/or operating procedures",Contracted man-years adjusted for long term leaves per 1 000 inhabitants,2008,NA
Rusbehandling Midt-Norge HF (2004-2013),Shared services,"Service, technical  and/or operating procedures",Contracted man-years adjusted for long term leaves per 1 000 inhabitants,2020,NA
Rusbehandling Midt-Norge HF (2004-2013),Shared services,"Service, technical  and/or operating procedures",Contracted man-years adjusted for long term leaves per 1 000 inhabitants,2021,NA
Rusbehandling Midt-Norge HF (2004-2013),Shared services,"Service, technical  and/or operating procedures",Employed persons per 1 000 inhabitants,2008,NA
Rusbehandling Midt-Norge HF (2004-2013),Shared services,"Service, technical  and/or operating procedures",Employed persons per 1 000 inhabitants,2020,NA
Rusbehandling Midt-Norge HF (2004-2013),Shared services,"Service, technical  and/or operating procedures",Employed persons per 1 000 inhabitants,2021,NA
Rusbehandling Midt-Norge HF (2004-2013),Shared services,Other occupations,Contracted man-years unadjusted for long term leaves,2008,NA
Rusbehandling Midt-Norge HF (2004-2013),Shared services,Other occupations,Contracted man-years unadjusted for long term leaves,2020,NA
Rusbehandling Midt-Norge HF (2004-2013),Shared services,Other occupations,Contracted man-years unadjusted for long term leaves,2021,NA
Rusbehandling Midt-Norge HF (2004-2013),Shared services,Other occupations,Contracted man-years adjusted for long term leaves per 1 000 inhabitants,2008,NA
Rusbehandling Midt-Norge HF (2004-2013),Shared services,Other occupations,Contracted man-years adjusted for long term leaves per 1 000 inhabitants,2020,NA
Rusbehandling Midt-Norge HF (2004-2013),Shared services,Other occupations,Contracted man-years adjusted for long term leaves per 1 000 inhabitants,2021,NA
Rusbehandling Midt-Norge HF (2004-2013),Shared services,Other occupations,Employed persons per 1 000 inhabitants,2008,NA
Rusbehandling Midt-Norge HF (2004-2013),Shared services,Other occupations,Employed persons per 1 000 inhabitants,2020,NA
Rusbehandling Midt-Norge HF (2004-2013),Shared services,Other occupations,Employed persons per 1 000 inhabitants,2021,NA
Helse Nord RHF,Total,"Man years, total",Contracted man-years unadjusted for long term leaves,2008,NA
Helse Nord RHF,Total,"Man years, total",Contracted man-years unadjusted for long term leaves,2020,NA
Helse Nord RHF,Total,"Man years, total",Contracted man-years unadjusted for long term leaves,2021,NA
Helse Nord RHF,Total,"Man years, total",Contracted man-years adjusted for long term leaves per 1 000 inhabitants,2008,NA
Helse Nord RHF,Total,"Man years, total",Contracted man-years adjusted for long term leaves per 1 000 inhabitants,2020,NA
Helse Nord RHF,Total,"Man years, total",Contracted man-years adjusted for long term leaves per 1 000 inhabitants,2021,NA
Helse Nord RHF,Total,"Man years, total",Employed persons per 1 000 inhabitants,2008,NA
Helse Nord RHF,Total,"Man years, total",Employed persons per 1 000 inhabitants,2020,NA
Helse Nord RHF,Total,"Man years, total",Employed persons per 1 000 inhabitants,2021,NA
Helse Nord RHF,Total,"Service, technical  and/or operating procedures",Contracted man-years unadjusted for long term leaves,2008,NA
Helse Nord RHF,Total,"Service, technical  and/or operating procedures",Contracted man-years unadjusted for long term leaves,2020,NA
Helse Nord RHF,Total,"Service, technical  and/or operating procedures",Contracted man-years unadjusted for long term leaves,2021,NA
Helse Nord RHF,Total,"Service, technical  and/or operating procedures",Contracted man-years adjusted for long term leaves per 1 000 inhabitants,2008,NA
Helse Nord RHF,Total,"Service, technical  and/or operating procedures",Contracted man-years adjusted for long term leaves per 1 000 inhabitants,2020,NA
Helse Nord RHF,Total,"Service, technical  and/or operating procedures",Contracted man-years adjusted for long term leaves per 1 000 inhabitants,2021,NA
Helse Nord RHF,Total,"Service, technical  and/or operating procedures",Employed persons per 1 000 inhabitants,2008,NA
Helse Nord RHF,Total,"Service, technical  and/or operating procedures",Employed persons per 1 000 inhabitants,2020,NA
Helse Nord RHF,Total,"Service, technical  and/or operating procedures",Employed persons per 1 000 inhabitants,2021,NA
Helse Nord RHF,Total,Other occupations,Contracted man-years unadjusted for long term leaves,2008,NA
Helse Nord RHF,Total,Other occupations,Contracted man-years unadjusted for long term leaves,2020,NA
Helse Nord RHF,Total,Other occupations,Contracted man-years unadjusted for long term leaves,2021,NA
Helse Nord RHF,Total,Other occupations,Contracted man-years adjusted for long term leaves per 1 000 inhabitants,2008,NA
Helse Nord RHF,Total,Other occupations,Contracted man-years adjusted for long term leaves per 1 000 inhabitants,2020,NA
Helse Nord RHF,Total,Other occupations,Contracted man-years adjusted for long term leaves per 1 000 inhabitants,2021,NA
Helse Nord RHF,Total,Other occupations,Employed persons per 1 000 inhabitants,2008,NA
Helse Nord RHF,Total,Other occupations,Employed persons per 1 000 inhabitants,2020,NA
Helse Nord RHF,Total,Other occupations,Employed persons per 1 000 inhabitants,2021,NA
Helse Nord RHF,Ambulance service,"Man years, total",Contracted man-years unadjusted for long term leaves,2008,NA
Helse Nord RHF,Ambulance service,"Man years, total",Contracted man-years unadjusted for long term leaves,2020,NA
Helse Nord RHF,Ambulance service,"Man years, total",Contracted man-years unadjusted for long term leaves,2021,NA
Helse Nord RHF,Ambulance service,"Man years, total",Contracted man-years adjusted for long term leaves per 1 000 inhabitants,2008,NA
Helse Nord RHF,Ambulance service,"Man years, total",Contracted man-years adjusted for long term leaves per 1 000 inhabitants,2020,NA
Helse Nord RHF,Ambulance service,"Man years, total",Contracted man-years adjusted for long term leaves per 1 000 inhabitants,2021,NA
Helse Nord RHF,Ambulance service,"Man years, total",Employed persons per 1 000 inhabitants,2008,NA
Helse Nord RHF,Ambulance service,"Man years, total",Employed persons per 1 000 inhabitants,2020,NA
Helse Nord RHF,Ambulance service,"Man years, total",Employed persons per 1 000 inhabitants,2021,NA
Helse Nord RHF,Ambulance service,"Service, technical  and/or operating procedures",Contracted man-years unadjusted for long term leaves,2008,NA
Helse Nord RHF,Ambulance service,"Service, technical  and/or operating procedures",Contracted man-years unadjusted for long term leaves,2020,NA
Helse Nord RHF,Ambulance service,"Service, technical  and/or operating procedures",Contracted man-years unadjusted for long term leaves,2021,NA
Helse Nord RHF,Ambulance service,"Service, technical  and/or operating procedures",Contracted man-years adjusted for long term leaves per 1 000 inhabitants,2008,NA
Helse Nord RHF,Ambulance service,"Service, technical  and/or operating procedures",Contracted man-years adjusted for long term leaves per 1 000 inhabitants,2020,NA
Helse Nord RHF,Ambulance service,"Service, technical  and/or operating procedures",Contracted man-years adjusted for long term leaves per 1 000 inhabitants,2021,NA
Helse Nord RHF,Ambulance service,"Service, technical  and/or operating procedures",Employed persons per 1 000 inhabitants,2008,NA
Helse Nord RHF,Ambulance service,"Service, technical  and/or operating procedures",Employed persons per 1 000 inhabitants,2020,NA
Helse Nord RHF,Ambulance service,"Service, technical  and/or operating procedures",Employed persons per 1 000 inhabitants,2021,NA
Helse Nord RHF,Ambulance service,Other occupations,Contracted man-years unadjusted for long term leaves,2008,NA
Helse Nord RHF,Ambulance service,Other occupations,Contracted man-years unadjusted for long term leaves,2020,NA
Helse Nord RHF,Ambulance service,Other occupations,Contracted man-years unadjusted for long term leaves,2021,NA
Helse Nord RHF,Ambulance service,Other occupations,Contracted man-years adjusted for long term leaves per 1 000 inhabitants,2008,NA
Helse Nord RHF,Ambulance service,Other occupations,Contracted man-years adjusted for long term leaves per 1 000 inhabitants,2020,NA
Helse Nord RHF,Ambulance service,Other occupations,Contracted man-years adjusted for long term leaves per 1 000 inhabitants,2021,NA
Helse Nord RHF,Ambulance service,Other occupations,Employed persons per 1 000 inhabitants,2008,NA
Helse Nord RHF,Ambulance service,Other occupations,Employed persons per 1 000 inhabitants,2020,NA
Helse Nord RHF,Ambulance service,Other occupations,Employed persons per 1 000 inhabitants,2021,NA
Helse Nord RHF,Shared services,"Man years, total",Contracted man-years unadjusted for long term leaves,2008,NA
Helse Nord RHF,Shared services,"Man years, total",Contracted man-years unadjusted for long term leaves,2020,NA
Helse Nord RHF,Shared services,"Man years, total",Contracted man-years unadjusted for long term leaves,2021,NA
Helse Nord RHF,Shared services,"Man years, total",Contracted man-years adjusted for long term leaves per 1 000 inhabitants,2008,NA
Helse Nord RHF,Shared services,"Man years, total",Contracted man-years adjusted for long term leaves per 1 000 inhabitants,2020,NA
Helse Nord RHF,Shared services,"Man years, total",Contracted man-years adjusted for long term leaves per 1 000 inhabitants,2021,NA
Helse Nord RHF,Shared services,"Man years, total",Employed persons per 1 000 inhabitants,2008,NA
Helse Nord RHF,Shared services,"Man years, total",Employed persons per 1 000 inhabitants,2020,NA
Helse Nord RHF,Shared services,"Man years, total",Employed persons per 1 000 inhabitants,2021,NA
Helse Nord RHF,Shared services,"Service, technical  and/or operating procedures",Contracted man-years unadjusted for long term leaves,2008,NA
Helse Nord RHF,Shared services,"Service, technical  and/or operating procedures",Contracted man-years unadjusted for long term leaves,2020,NA
Helse Nord RHF,Shared services,"Service, technical  and/or operating procedures",Contracted man-years unadjusted for long term leaves,2021,NA
Helse Nord RHF,Shared services,"Service, technical  and/or operating procedures",Contracted man-years adjusted for long term leaves per 1 000 inhabitants,2008,NA
Helse Nord RHF,Shared services,"Service, technical  and/or operating procedures",Contracted man-years adjusted for long term leaves per 1 000 inhabitants,2020,NA
Helse Nord RHF,Shared services,"Service, technical  and/or operating procedures",Contracted man-years adjusted for long term leaves per 1 000 inhabitants,2021,NA
Helse Nord RHF,Shared services,"Service, technical  and/or operating procedures",Employed persons per 1 000 inhabitants,2008,NA
Helse Nord RHF,Shared services,"Service, technical  and/or operating procedures",Employed persons per 1 000 inhabitants,2020,NA
Helse Nord RHF,Shared services,"Service, technical  and/or operating procedures",Employed persons per 1 000 inhabitants,2021,NA
Helse Nord RHF,Shared services,Other occupations,Contracted man-years unadjusted for long term leaves,2008,NA
Helse Nord RHF,Shared services,Other occupations,Contracted man-years unadjusted for long term leaves,2020,NA
Helse Nord RHF,Shared services,Other occupations,Contracted man-years unadjusted for long term leaves,2021,NA
Helse Nord RHF,Shared services,Other occupations,Contracted man-years adjusted for long term leaves per 1 000 inhabitants,2008,NA
Helse Nord RHF,Shared services,Other occupations,Contracted man-years adjusted for long term leaves per 1 000 inhabitants,2020,NA
Helse Nord RHF,Shared services,Other occupations,Contracted man-years adjusted for long term leaves per 1 000 inhabitants,2021,NA
Helse Nord RHF,Shared services,Other occupations,Employed persons per 1 000 inhabitants,2008,NA
Helse Nord RHF,Shared services,Other occupations,Employed persons per 1 000 inhabitants,2020,NA
Helse Nord RHF,Shared services,Other occupations,Employed persons per 1 000 inhabitants,2021,NA
Nordlandssykehuset HF,Total,"Man years, total",Contracted man-years unadjusted for long term leaves,2008,NA
Nordlandssykehuset HF,Total,"Man years, total",Contracted man-years unadjusted for long term leaves,2020,NA
Nordlandssykehuset HF,Total,"Man years, total",Contracted man-years unadjusted for long term leaves,2021,NA
Nordlandssykehuset HF,Total,"Man years, total",Contracted man-years adjusted for long term leaves per 1 000 inhabitants,2008,NA
Nordlandssykehuset HF,Total,"Man years, total",Contracted man-years adjusted for long term leaves per 1 000 inhabitants,2020,NA
Nordlandssykehuset HF,Total,"Man years, total",Contracted man-years adjusted for long term leaves per 1 000 inhabitants,2021,NA
Nordlandssykehuset HF,Total,"Man years, total",Employed persons per 1 000 inhabitants,2008,NA
Nordlandssykehuset HF,Total,"Man years, total",Employed persons per 1 000 inhabitants,2020,NA
Nordlandssykehuset HF,Total,"Man years, total",Employed persons per 1 000 inhabitants,2021,NA
Nordlandssykehuset HF,Total,"Service, technical  and/or operating procedures",Contracted man-years unadjusted for long term leaves,2008,NA
Nordlandssykehuset HF,Total,"Service, technical  and/or operating procedures",Contracted man-years unadjusted for long term leaves,2020,NA
Nordlandssykehuset HF,Total,"Service, technical  and/or operating procedures",Contracted man-years unadjusted for long term leaves,2021,NA
Nordlandssykehuset HF,Total,"Service, technical  and/or operating procedures",Contracted man-years adjusted for long term leaves per 1 000 inhabitants,2008,NA
Nordlandssykehuset HF,Total,"Service, technical  and/or operating procedures",Contracted man-years adjusted for long term leaves per 1 000 inhabitants,2020,NA
Nordlandssykehuset HF,Total,"Service, technical  and/or operating procedures",Contracted man-years adjusted for long term leaves per 1 000 inhabitants,2021,NA
Nordlandssykehuset HF,Total,"Service, technical  and/or operating procedures",Employed persons per 1 000 inhabitants,2008,NA
Nordlandssykehuset HF,Total,"Service, technical  and/or operating procedures",Employed persons per 1 000 inhabitants,2020,NA
Nordlandssykehuset HF,Total,"Service, technical  and/or operating procedures",Employed persons per 1 000 inhabitants,2021,NA
Nordlandssykehuset HF,Total,Other occupations,Contracted man-years unadjusted for long term leaves,2008,NA
Nordlandssykehuset HF,Total,Other occupations,Contracted man-years unadjusted for long term leaves,2020,NA
Nordlandssykehuset HF,Total,Other occupations,Contracted man-years unadjusted for long term leaves,2021,NA
Nordlandssykehuset HF,Total,Other occupations,Contracted man-years adjusted for long term leaves per 1 000 inhabitants,2008,NA
Nordlandssykehuset HF,Total,Other occupations,Contracted man-years adjusted for long term leaves per 1 000 inhabitants,2020,NA
Nordlandssykehuset HF,Total,Other occupations,Contracted man-years adjusted for long term leaves per 1 000 inhabitants,2021,NA
Nordlandssykehuset HF,Total,Other occupations,Employed persons per 1 000 inhabitants,2008,NA
Nordlandssykehuset HF,Total,Other occupations,Employed persons per 1 000 inhabitants,2020,NA
Nordlandssykehuset HF,Total,Other occupations,Employed persons per 1 000 inhabitants,2021,NA
Nordlandssykehuset HF,Ambulance service,"Man years, total",Contracted man-years unadjusted for long term leaves,2008,NA
Nordlandssykehuset HF,Ambulance service,"Man years, total",Contracted man-years unadjusted for long term leaves,2020,NA
Nordlandssykehuset HF,Ambulance service,"Man years, total",Contracted man-years unadjusted for long term leaves,2021,NA
Nordlandssykehuset HF,Ambulance service,"Man years, total",Contracted man-years adjusted for long term leaves per 1 000 inhabitants,2008,NA
Nordlandssykehuset HF,Ambulance service,"Man years, total",Contracted man-years adjusted for long term leaves per 1 000 inhabitants,2020,NA
Nordlandssykehuset HF,Ambulance service,"Man years, total",Contracted man-years adjusted for long term leaves per 1 000 inhabitants,2021,NA
Nordlandssykehuset HF,Ambulance service,"Man years, total",Employed persons per 1 000 inhabitants,2008,NA
Nordlandssykehuset HF,Ambulance service,"Man years, total",Employed persons per 1 000 inhabitants,2020,NA
Nordlandssykehuset HF,Ambulance service,"Man years, total",Employed persons per 1 000 inhabitants,2021,NA
Nordlandssykehuset HF,Ambulance service,"Service, technical  and/or operating procedures",Contracted man-years unadjusted for long term leaves,2008,NA
Nordlandssykehuset HF,Ambulance service,"Service, technical  and/or operating procedures",Contracted man-years unadjusted for long term leaves,2020,NA
Nordlandssykehuset HF,Ambulance service,"Service, technical  and/or operating procedures",Contracted man-years unadjusted for long term leaves,2021,NA
Nordlandssykehuset HF,Ambulance service,"Service, technical  and/or operating procedures",Contracted man-years adjusted for long term leaves per 1 000 inhabitants,2008,NA
Nordlandssykehuset HF,Ambulance service,"Service, technical  and/or operating procedures",Contracted man-years adjusted for long term leaves per 1 000 inhabitants,2020,NA
Nordlandssykehuset HF,Ambulance service,"Service, technical  and/or operating procedures",Contracted man-years adjusted for long term leaves per 1 000 inhabitants,2021,NA
Nordlandssykehuset HF,Ambulance service,"Service, technical  and/or operating procedures",Employed persons per 1 000 inhabitants,2008,NA
Nordlandssykehuset HF,Ambulance service,"Service, technical  and/or operating procedures",Employed persons per 1 000 inhabitants,2020,NA
Nordlandssykehuset HF,Ambulance service,"Service, technical  and/or operating procedures",Employed persons per 1 000 inhabitants,2021,NA
Nordlandssykehuset HF,Ambulance service,Other occupations,Contracted man-years unadjusted for long term leaves,2008,NA
Nordlandssykehuset HF,Ambulance service,Other occupations,Contracted man-years unadjusted for long term leaves,2020,NA
Nordlandssykehuset HF,Ambulance service,Other occupations,Contracted man-years unadjusted for long term leaves,2021,NA
Nordlandssykehuset HF,Ambulance service,Other occupations,Contracted man-years adjusted for long term leaves per 1 000 inhabitants,2008,NA
Nordlandssykehuset HF,Ambulance service,Other occupations,Contracted man-years adjusted for long term leaves per 1 000 inhabitants,2020,NA
Nordlandssykehuset HF,Ambulance service,Other occupations,Contracted man-years adjusted for long term leaves per 1 000 inhabitants,2021,NA
Nordlandssykehuset HF,Ambulance service,Other occupations,Employed persons per 1 000 inhabitants,2008,NA
Nordlandssykehuset HF,Ambulance service,Other occupations,Employed persons per 1 000 inhabitants,2020,NA
Nordlandssykehuset HF,Ambulance service,Other occupations,Employed persons per 1 000 inhabitants,2021,NA
Nordlandssykehuset HF,Shared services,"Man years, total",Contracted man-years unadjusted for long term leaves,2008,NA
Nordlandssykehuset HF,Shared services,"Man years, total",Contracted man-years unadjusted for long term leaves,2020,NA
Nordlandssykehuset HF,Shared services,"Man years, total",Contracted man-years unadjusted for long term leaves,2021,NA
Nordlandssykehuset HF,Shared services,"Man years, total",Contracted man-years adjusted for long term leaves per 1 000 inhabitants,2008,NA
Nordlandssykehuset HF,Shared services,"Man years, total",Contracted man-years adjusted for long term leaves per 1 000 inhabitants,2020,NA
Nordlandssykehuset HF,Shared services,"Man years, total",Contracted man-years adjusted for long term leaves per 1 000 inhabitants,2021,NA
Nordlandssykehuset HF,Shared services,"Man years, total",Employed persons per 1 000 inhabitants,2008,NA
Nordlandssykehuset HF,Shared services,"Man years, total",Employed persons per 1 000 inhabitants,2020,NA
Nordlandssykehuset HF,Shared services,"Man years, total",Employed persons per 1 000 inhabitants,2021,NA
Nordlandssykehuset HF,Shared services,"Service, technical  and/or operating procedures",Contracted man-years unadjusted for long term leaves,2008,NA
Nordlandssykehuset HF,Shared services,"Service, technical  and/or operating procedures",Contracted man-years unadjusted for long term leaves,2020,NA
Nordlandssykehuset HF,Shared services,"Service, technical  and/or operating procedures",Contracted man-years unadjusted for long term leaves,2021,NA
Nordlandssykehuset HF,Shared services,"Service, technical  and/or operating procedures",Contracted man-years adjusted for long term leaves per 1 000 inhabitants,2008,NA
Nordlandssykehuset HF,Shared services,"Service, technical  and/or operating procedures",Contracted man-years adjusted for long term leaves per 1 000 inhabitants,2020,NA
Nordlandssykehuset HF,Shared services,"Service, technical  and/or operating procedures",Contracted man-years adjusted for long term leaves per 1 000 inhabitants,2021,NA
Nordlandssykehuset HF,Shared services,"Service, technical  and/or operating procedures",Employed persons per 1 000 inhabitants,2008,NA
Nordlandssykehuset HF,Shared services,"Service, technical  and/or operating procedures",Employed persons per 1 000 inhabitants,2020,NA
Nordlandssykehuset HF,Shared services,"Service, technical  and/or operating procedures",Employed persons per 1 000 inhabitants,2021,NA
Nordlandssykehuset HF,Shared services,Other occupations,Contracted man-years unadjusted for long term leaves,2008,NA
Nordlandssykehuset HF,Shared services,Other occupations,Contracted man-years unadjusted for long term leaves,2020,NA
Nordlandssykehuset HF,Shared services,Other occupations,Contracted man-years unadjusted for long term leaves,2021,NA
Nordlandssykehuset HF,Shared services,Other occupations,Contracted man-years adjusted for long term leaves per 1 000 inhabitants,2008,NA
Nordlandssykehuset HF,Shared services,Other occupations,Contracted man-years adjusted for long term leaves per 1 000 inhabitants,2020,NA
Nordlandssykehuset HF,Shared services,Other occupations,Contracted man-years adjusted for long term leaves per 1 000 inhabitants,2021,NA
Nordlandssykehuset HF,Shared services,Other occupations,Employed persons per 1 000 inhabitants,2008,NA
Nordlandssykehuset HF,Shared services,Other occupations,Employed persons per 1 000 inhabitants,2020,NA
Nordlandssykehuset HF,Shared services,Other occupations,Employed persons per 1 000 inhabitants,2021,NA
Helgelandssykehuset HF,Total,"Man years, total",Contracted man-years unadjusted for long term leaves,2008,NA
Helgelandssykehuset HF,Total,"Man years, total",Contracted man-years unadjusted for long term leaves,2020,NA
Helgelandssykehuset HF,Total,"Man years, total",Contracted man-years unadjusted for long term leaves,2021,NA
Helgelandssykehuset HF,Total,"Man years, total",Contracted man-years adjusted for long term leaves per 1 000 inhabitants,2008,NA
Helgelandssykehuset HF,Total,"Man years, total",Contracted man-years adjusted for long term leaves per 1 000 inhabitants,2020,NA
Helgelandssykehuset HF,Total,"Man years, total",Contracted man-years adjusted for long term leaves per 1 000 inhabitants,2021,NA
Helgelandssykehuset HF,Total,"Man years, total",Employed persons per 1 000 inhabitants,2008,NA
Helgelandssykehuset HF,Total,"Man years, total",Employed persons per 1 000 inhabitants,2020,NA
Helgelandssykehuset HF,Total,"Man years, total",Employed persons per 1 000 inhabitants,2021,NA
Helgelandssykehuset HF,Total,"Service, technical  and/or operating procedures",Contracted man-years unadjusted for long term leaves,2008,NA
Helgelandssykehuset HF,Total,"Service, technical  and/or operating procedures",Contracted man-years unadjusted for long term leaves,2020,NA
Helgelandssykehuset HF,Total,"Service, technical  and/or operating procedures",Contracted man-years unadjusted for long term leaves,2021,NA
Helgelandssykehuset HF,Total,"Service, technical  and/or operating procedures",Contracted man-years adjusted for long term leaves per 1 000 inhabitants,2008,NA
Helgelandssykehuset HF,Total,"Service, technical  and/or operating procedures",Contracted man-years adjusted for long term leaves per 1 000 inhabitants,2020,NA
Helgelandssykehuset HF,Total,"Service, technical  and/or operating procedures",Contracted man-years adjusted for long term leaves per 1 000 inhabitants,2021,NA
Helgelandssykehuset HF,Total,"Service, technical  and/or operating procedures",Employed persons per 1 000 inhabitants,2008,NA
Helgelandssykehuset HF,Total,"Service, technical  and/or operating procedures",Employed persons per 1 000 inhabitants,2020,NA
Helgelandssykehuset HF,Total,"Service, technical  and/or operating procedures",Employed persons per 1 000 inhabitants,2021,NA
Helgelandssykehuset HF,Total,Other occupations,Contracted man-years unadjusted for long term leaves,2008,NA
Helgelandssykehuset HF,Total,Other occupations,Contracted man-years unadjusted for long term leaves,2020,NA
Helgelandssykehuset HF,Total,Other occupations,Contracted man-years unadjusted for long term leaves,2021,NA
Helgelandssykehuset HF,Total,Other occupations,Contracted man-years adjusted for long term leaves per 1 000 inhabitants,2008,NA
Helgelandssykehuset HF,Total,Other occupations,Contracted man-years adjusted for long term leaves per 1 000 inhabitants,2020,NA
Helgelandssykehuset HF,Total,Other occupations,Contracted man-years adjusted for long term leaves per 1 000 inhabitants,2021,NA
Helgelandssykehuset HF,Total,Other occupations,Employed persons per 1 000 inhabitants,2008,NA
Helgelandssykehuset HF,Total,Other occupations,Employed persons per 1 000 inhabitants,2020,NA
Helgelandssykehuset HF,Total,Other occupations,Employed persons per 1 000 inhabitants,2021,NA
Helgelandssykehuset HF,Ambulance service,"Man years, total",Contracted man-years unadjusted for long term leaves,2008,NA
Helgelandssykehuset HF,Ambulance service,"Man years, total",Contracted man-years unadjusted for long term leaves,2020,NA
Helgelandssykehuset HF,Ambulance service,"Man years, total",Contracted man-years unadjusted for long term leaves,2021,NA
Helgelandssykehuset HF,Ambulance service,"Man years, total",Contracted man-years adjusted for long term leaves per 1 000 inhabitants,2008,NA
Helgelandssykehuset HF,Ambulance service,"Man years, total",Contracted man-years adjusted for long term leaves per 1 000 inhabitants,2020,NA
Helgelandssykehuset HF,Ambulance service,"Man years, total",Contracted man-years adjusted for long term leaves per 1 000 inhabitants,2021,NA
Helgelandssykehuset HF,Ambulance service,"Man years, total",Employed persons per 1 000 inhabitants,2008,NA
Helgelandssykehuset HF,Ambulance service,"Man years, total",Employed persons per 1 000 inhabitants,2020,NA
Helgelandssykehuset HF,Ambulance service,"Man years, total",Employed persons per 1 000 inhabitants,2021,NA
Helgelandssykehuset HF,Ambulance service,"Service, technical  and/or operating procedures",Contracted man-years unadjusted for long term leaves,2008,NA
Helgelandssykehuset HF,Ambulance service,"Service, technical  and/or operating procedures",Contracted man-years unadjusted for long term leaves,2020,NA
Helgelandssykehuset HF,Ambulance service,"Service, technical  and/or operating procedures",Contracted man-years unadjusted for long term leaves,2021,NA
Helgelandssykehuset HF,Ambulance service,"Service, technical  and/or operating procedures",Contracted man-years adjusted for long term leaves per 1 000 inhabitants,2008,NA
Helgelandssykehuset HF,Ambulance service,"Service, technical  and/or operating procedures",Contracted man-years adjusted for long term leaves per 1 000 inhabitants,2020,NA
Helgelandssykehuset HF,Ambulance service,"Service, technical  and/or operating procedures",Contracted man-years adjusted for long term leaves per 1 000 inhabitants,2021,NA
Helgelandssykehuset HF,Ambulance service,"Service, technical  and/or operating procedures",Employed persons per 1 000 inhabitants,2008,NA
Helgelandssykehuset HF,Ambulance service,"Service, technical  and/or operating procedures",Employed persons per 1 000 inhabitants,2020,NA
Helgelandssykehuset HF,Ambulance service,"Service, technical  and/or operating procedures",Employed persons per 1 000 inhabitants,2021,NA
Helgelandssykehuset HF,Ambulance service,Other occupations,Contracted man-years unadjusted for long term leaves,2008,NA
Helgelandssykehuset HF,Ambulance service,Other occupations,Contracted man-years unadjusted for long term leaves,2020,NA
Helgelandssykehuset HF,Ambulance service,Other occupations,Contracted man-years unadjusted for long term leaves,2021,NA
Helgelandssykehuset HF,Ambulance service,Other occupations,Contracted man-years adjusted for long term leaves per 1 000 inhabitants,2008,NA
Helgelandssykehuset HF,Ambulance service,Other occupations,Contracted man-years adjusted for long term leaves per 1 000 inhabitants,2020,NA
Helgelandssykehuset HF,Ambulance service,Other occupations,Contracted man-years adjusted for long term leaves per 1 000 inhabitants,2021,NA
Helgelandssykehuset HF,Ambulance service,Other occupations,Employed persons per 1 000 inhabitants,2008,NA
Helgelandssykehuset HF,Ambulance service,Other occupations,Employed persons per 1 000 inhabitants,2020,NA
Helgelandssykehuset HF,Ambulance service,Other occupations,Employed persons per 1 000 inhabitants,2021,NA
Helgelandssykehuset HF,Shared services,"Man years, total",Contracted man-years unadjusted for long term leaves,2008,NA
Helgelandssykehuset HF,Shared services,"Man years, total",Contracted man-years unadjusted for long term leaves,2020,NA
Helgelandssykehuset HF,Shared services,"Man years, total",Contracted man-years unadjusted for long term leaves,2021,NA
Helgelandssykehuset HF,Shared services,"Man years, total",Contracted man-years adjusted for long term leaves per 1 000 inhabitants,2008,NA
Helgelandssykehuset HF,Shared services,"Man years, total",Contracted man-years adjusted for long term leaves per 1 000 inhabitants,2020,NA
Helgelandssykehuset HF,Shared services,"Man years, total",Contracted man-years adjusted for long term leaves per 1 000 inhabitants,2021,NA
Helgelandssykehuset HF,Shared services,"Man years, total",Employed persons per 1 000 inhabitants,2008,NA
Helgelandssykehuset HF,Shared services,"Man years, total",Employed persons per 1 000 inhabitants,2020,NA
Helgelandssykehuset HF,Shared services,"Man years, total",Employed persons per 1 000 inhabitants,2021,NA
Helgelandssykehuset HF,Shared services,"Service, technical  and/or operating procedures",Contracted man-years unadjusted for long term leaves,2008,NA
Helgelandssykehuset HF,Shared services,"Service, technical  and/or operating procedures",Contracted man-years unadjusted for long term leaves,2020,NA
Helgelandssykehuset HF,Shared services,"Service, technical  and/or operating procedures",Contracted man-years unadjusted for long term leaves,2021,NA
Helgelandssykehuset HF,Shared services,"Service, technical  and/or operating procedures",Contracted man-years adjusted for long term leaves per 1 000 inhabitants,2008,NA
Helgelandssykehuset HF,Shared services,"Service, technical  and/or operating procedures",Contracted man-years adjusted for long term leaves per 1 000 inhabitants,2020,NA
Helgelandssykehuset HF,Shared services,"Service, technical  and/or operating procedures",Contracted man-years adjusted for long term leaves per 1 000 inhabitants,2021,NA
Helgelandssykehuset HF,Shared services,"Service, technical  and/or operating procedures",Employed persons per 1 000 inhabitants,2008,NA
Helgelandssykehuset HF,Shared services,"Service, technical  and/or operating procedures",Employed persons per 1 000 inhabitants,2020,NA
Helgelandssykehuset HF,Shared services,"Service, technical  and/or operating procedures",Employed persons per 1 000 inhabitants,2021,NA
Helgelandssykehuset HF,Shared services,Other occupations,Contracted man-years unadjusted for long term leaves,2008,NA
Helgelandssykehuset HF,Shared services,Other occupations,Contracted man-years unadjusted for long term leaves,2020,NA
Helgelandssykehuset HF,Shared services,Other occupations,Contracted man-years unadjusted for long term leaves,2021,NA
Helgelandssykehuset HF,Shared services,Other occupations,Contracted man-years adjusted for long term leaves per 1 000 inhabitants,2008,NA
Helgelandssykehuset HF,Shared services,Other occupations,Contracted man-years adjusted for long term leaves per 1 000 inhabitants,2020,NA
Helgelandssykehuset HF,Shared services,Other occupations,Contracted man-years adjusted for long term leaves per 1 000 inhabitants,2021,NA
Helgelandssykehuset HF,Shared services,Other occupations,Employed persons per 1 000 inhabitants,2008,NA
Helgelandssykehuset HF,Shared services,Other occupations,Employed persons per 1 000 inhabitants,2020,NA
Helgelandssykehuset HF,Shared services,Other occupations,Employed persons per 1 000 inhabitants,2021,NA
Finnmarkssykehuset HF,Total,"Man years, total",Contracted man-years unadjusted for long term leaves,2008,NA
Finnmarkssykehuset HF,Total,"Man years, total",Contracted man-years unadjusted for long term leaves,2020,NA
Finnmarkssykehuset HF,Total,"Man years, total",Contracted man-years unadjusted for long term leaves,2021,NA
Finnmarkssykehuset HF,Total,"Man years, total",Contracted man-years adjusted for long term leaves per 1 000 inhabitants,2008,NA
Finnmarkssykehuset HF,Total,"Man years, total",Contracted man-years adjusted for long term leaves per 1 000 inhabitants,2020,NA
Finnmarkssykehuset HF,Total,"Man years, total",Contracted man-years adjusted for long term leaves per 1 000 inhabitants,2021,NA
Finnmarkssykehuset HF,Total,"Man years, total",Employed persons per 1 000 inhabitants,2008,NA
Finnmarkssykehuset HF,Total,"Man years, total",Employed persons per 1 000 inhabitants,2020,NA
Finnmarkssykehuset HF,Total,"Man years, total",Employed persons per 1 000 inhabitants,2021,NA
Finnmarkssykehuset HF,Total,"Service, technical  and/or operating procedures",Contracted man-years unadjusted for long term leaves,2008,NA
Finnmarkssykehuset HF,Total,"Service, technical  and/or operating procedures",Contracted man-years unadjusted for long term leaves,2020,NA
Finnmarkssykehuset HF,Total,"Service, technical  and/or operating procedures",Contracted man-years unadjusted for long term leaves,2021,NA
Finnmarkssykehuset HF,Total,"Service, technical  and/or operating procedures",Contracted man-years adjusted for long term leaves per 1 000 inhabitants,2008,NA
Finnmarkssykehuset HF,Total,"Service, technical  and/or operating procedures",Contracted man-years adjusted for long term leaves per 1 000 inhabitants,2020,NA
Finnmarkssykehuset HF,Total,"Service, technical  and/or operating procedures",Contracted man-years adjusted for long term leaves per 1 000 inhabitants,2021,NA
Finnmarkssykehuset HF,Total,"Service, technical  and/or operating procedures",Employed persons per 1 000 inhabitants,2008,NA
Finnmarkssykehuset HF,Total,"Service, technical  and/or operating procedures",Employed persons per 1 000 inhabitants,2020,NA
Finnmarkssykehuset HF,Total,"Service, technical  and/or operating procedures",Employed persons per 1 000 inhabitants,2021,NA
Finnmarkssykehuset HF,Total,Other occupations,Contracted man-years unadjusted for long term leaves,2008,NA
Finnmarkssykehuset HF,Total,Other occupations,Contracted man-years unadjusted for long term leaves,2020,NA
Finnmarkssykehuset HF,Total,Other occupations,Contracted man-years unadjusted for long term leaves,2021,NA
Finnmarkssykehuset HF,Total,Other occupations,Contracted man-years adjusted for long term leaves per 1 000 inhabitants,2008,NA
Finnmarkssykehuset HF,Total,Other occupations,Contracted man-years adjusted for long term leaves per 1 000 inhabitants,2020,NA
Finnmarkssykehuset HF,Total,Other occupations,Contracted man-years adjusted for long term leaves per 1 000 inhabitants,2021,NA
Finnmarkssykehuset HF,Total,Other occupations,Employed persons per 1 000 inhabitants,2008,NA
Finnmarkssykehuset HF,Total,Other occupations,Employed persons per 1 000 inhabitants,2020,NA
Finnmarkssykehuset HF,Total,Other occupations,Employed persons per 1 000 inhabitants,2021,NA
Finnmarkssykehuset HF,Ambulance service,"Man years, total",Contracted man-years unadjusted for long term leaves,2008,NA
Finnmarkssykehuset HF,Ambulance service,"Man years, total",Contracted man-years unadjusted for long term leaves,2020,NA
Finnmarkssykehuset HF,Ambulance service,"Man years, total",Contracted man-years unadjusted for long term leaves,2021,NA
Finnmarkssykehuset HF,Ambulance service,"Man years, total",Contracted man-years adjusted for long term leaves per 1 000 inhabitants,2008,NA
Finnmarkssykehuset HF,Ambulance service,"Man years, total",Contracted man-years adjusted for long term leaves per 1 000 inhabitants,2020,NA
Finnmarkssykehuset HF,Ambulance service,"Man years, total",Contracted man-years adjusted for long term leaves per 1 000 inhabitants,2021,NA
Finnmarkssykehuset HF,Ambulance service,"Man years, total",Employed persons per 1 000 inhabitants,2008,NA
Finnmarkssykehuset HF,Ambulance service,"Man years, total",Employed persons per 1 000 inhabitants,2020,NA
Finnmarkssykehuset HF,Ambulance service,"Man years, total",Employed persons per 1 000 inhabitants,2021,NA
Finnmarkssykehuset HF,Ambulance service,"Service, technical  and/or operating procedures",Contracted man-years unadjusted for long term leaves,2008,NA
Finnmarkssykehuset HF,Ambulance service,"Service, technical  and/or operating procedures",Contracted man-years unadjusted for long term leaves,2020,NA
Finnmarkssykehuset HF,Ambulance service,"Service, technical  and/or operating procedures",Contracted man-years unadjusted for long term leaves,2021,NA
Finnmarkssykehuset HF,Ambulance service,"Service, technical  and/or operating procedures",Contracted man-years adjusted for long term leaves per 1 000 inhabitants,2008,NA
Finnmarkssykehuset HF,Ambulance service,"Service, technical  and/or operating procedures",Contracted man-years adjusted for long term leaves per 1 000 inhabitants,2020,NA
Finnmarkssykehuset HF,Ambulance service,"Service, technical  and/or operating procedures",Contracted man-years adjusted for long term leaves per 1 000 inhabitants,2021,NA
Finnmarkssykehuset HF,Ambulance service,"Service, technical  and/or operating procedures",Employed persons per 1 000 inhabitants,2008,NA
Finnmarkssykehuset HF,Ambulance service,"Service, technical  and/or operating procedures",Employed persons per 1 000 inhabitants,2020,NA
Finnmarkssykehuset HF,Ambulance service,"Service, technical  and/or operating procedures",Employed persons per 1 000 inhabitants,2021,NA
Finnmarkssykehuset HF,Ambulance service,Other occupations,Contracted man-years unadjusted for long term leaves,2008,NA
Finnmarkssykehuset HF,Ambulance service,Other occupations,Contracted man-years unadjusted for long term leaves,2020,NA
Finnmarkssykehuset HF,Ambulance service,Other occupations,Contracted man-years unadjusted for long term leaves,2021,NA
Finnmarkssykehuset HF,Ambulance service,Other occupations,Contracted man-years adjusted for long term leaves per 1 000 inhabitants,2008,NA
Finnmarkssykehuset HF,Ambulance service,Other occupations,Contracted man-years adjusted for long term leaves per 1 000 inhabitants,2020,NA
Finnmarkssykehuset HF,Ambulance service,Other occupations,Contracted man-years adjusted for long term leaves per 1 000 inhabitants,2021,NA
Finnmarkssykehuset HF,Ambulance service,Other occupations,Employed persons per 1 000 inhabitants,2008,NA
Finnmarkssykehuset HF,Ambulance service,Other occupations,Employed persons per 1 000 inhabitants,2020,NA
Finnmarkssykehuset HF,Ambulance service,Other occupations,Employed persons per 1 000 inhabitants,2021,NA
Finnmarkssykehuset HF,Shared services,"Man years, total",Contracted man-years unadjusted for long term leaves,2008,NA
Finnmarkssykehuset HF,Shared services,"Man years, total",Contracted man-years unadjusted for long term leaves,2020,NA
Finnmarkssykehuset HF,Shared services,"Man years, total",Contracted man-years unadjusted for long term leaves,2021,NA
Finnmarkssykehuset HF,Shared services,"Man years, total",Contracted man-years adjusted for long term leaves per 1 000 inhabitants,2008,NA
Finnmarkssykehuset HF,Shared services,"Man years, total",Contracted man-years adjusted for long term leaves per 1 000 inhabitants,2020,NA
Finnmarkssykehuset HF,Shared services,"Man years, total",Contracted man-years adjusted for long term leaves per 1 000 inhabitants,2021,NA
Finnmarkssykehuset HF,Shared services,"Man years, total",Employed persons per 1 000 inhabitants,2008,NA
Finnmarkssykehuset HF,Shared services,"Man years, total",Employed persons per 1 000 inhabitants,2020,NA
Finnmarkssykehuset HF,Shared services,"Man years, total",Employed persons per 1 000 inhabitants,2021,NA
Finnmarkssykehuset HF,Shared services,"Service, technical  and/or operating procedures",Contracted man-years unadjusted for long term leaves,2008,NA
Finnmarkssykehuset HF,Shared services,"Service, technical  and/or operating procedures",Contracted man-years unadjusted for long term leaves,2020,NA
Finnmarkssykehuset HF,Shared services,"Service, technical  and/or operating procedures",Contracted man-years unadjusted for long term leaves,2021,NA
Finnmarkssykehuset HF,Shared services,"Service, technical  and/or operating procedures",Contracted man-years adjusted for long term leaves per 1 000 inhabitants,2008,NA
Finnmarkssykehuset HF,Shared services,"Service, technical  and/or operating procedures",Contracted man-years adjusted for long term leaves per 1 000 inhabitants,2020,NA
Finnmarkssykehuset HF,Shared services,"Service, technical  and/or operating procedures",Contracted man-years adjusted for long term leaves per 1 000 inhabitants,2021,NA
Finnmarkssykehuset HF,Shared services,"Service, technical  and/or operating procedures",Employed persons per 1 000 inhabitants,2008,NA
Finnmarkssykehuset HF,Shared services,"Service, technical  and/or operating procedures",Employed persons per 1 000 inhabitants,2020,NA
Finnmarkssykehuset HF,Shared services,"Service, technical  and/or operating procedures",Employed persons per 1 000 inhabitants,2021,NA
Finnmarkssykehuset HF,Shared services,Other occupations,Contracted man-years unadjusted for long term leaves,2008,NA
Finnmarkssykehuset HF,Shared services,Other occupations,Contracted man-years unadjusted for long term leaves,2020,NA
Finnmarkssykehuset HF,Shared services,Other occupations,Contracted man-years unadjusted for long term leaves,2021,NA
Finnmarkssykehuset HF,Shared services,Other occupations,Contracted man-years adjusted for long term leaves per 1 000 inhabitants,2008,NA
Finnmarkssykehuset HF,Shared services,Other occupations,Contracted man-years adjusted for long term leaves per 1 000 inhabitants,2020,NA
Finnmarkssykehuset HF,Shared services,Other occupations,Contracted man-years adjusted for long term leaves per 1 000 inhabitants,2021,NA
Finnmarkssykehuset HF,Shared services,Other occupations,Employed persons per 1 000 inhabitants,2008,NA
Finnmarkssykehuset HF,Shared services,Other occupations,Employed persons per 1 000 inhabitants,2020,NA
Finnmarkssykehuset HF,Shared services,Other occupations,Employed persons per 1 000 inhabitants,2021,NA
Universitetssykehuset Nord-Norge HF,Total,"Man years, total",Contracted man-years unadjusted for long term leaves,2008,NA
Universitetssykehuset Nord-Norge HF,Total,"Man years, total",Contracted man-years unadjusted for long term leaves,2020,NA
Universitetssykehuset Nord-Norge HF,Total,"Man years, total",Contracted man-years unadjusted for long term leaves,2021,NA
Universitetssykehuset Nord-Norge HF,Total,"Man years, total",Contracted man-years adjusted for long term leaves per 1 000 inhabitants,2008,NA
Universitetssykehuset Nord-Norge HF,Total,"Man years, total",Contracted man-years adjusted for long term leaves per 1 000 inhabitants,2020,NA
Universitetssykehuset Nord-Norge HF,Total,"Man years, total",Contracted man-years adjusted for long term leaves per 1 000 inhabitants,2021,NA
Universitetssykehuset Nord-Norge HF,Total,"Man years, total",Employed persons per 1 000 inhabitants,2008,NA
Universitetssykehuset Nord-Norge HF,Total,"Man years, total",Employed persons per 1 000 inhabitants,2020,NA
Universitetssykehuset Nord-Norge HF,Total,"Man years, total",Employed persons per 1 000 inhabitants,2021,NA
Universitetssykehuset Nord-Norge HF,Total,"Service, technical  and/or operating procedures",Contracted man-years unadjusted for long term leaves,2008,NA
Universitetssykehuset Nord-Norge HF,Total,"Service, technical  and/or operating procedures",Contracted man-years unadjusted for long term leaves,2020,NA
Universitetssykehuset Nord-Norge HF,Total,"Service, technical  and/or operating procedures",Contracted man-years unadjusted for long term leaves,2021,NA
Universitetssykehuset Nord-Norge HF,Total,"Service, technical  and/or operating procedures",Contracted man-years adjusted for long term leaves per 1 000 inhabitants,2008,NA
Universitetssykehuset Nord-Norge HF,Total,"Service, technical  and/or operating procedures",Contracted man-years adjusted for long term leaves per 1 000 inhabitants,2020,NA
Universitetssykehuset Nord-Norge HF,Total,"Service, technical  and/or operating procedures",Contracted man-years adjusted for long term leaves per 1 000 inhabitants,2021,NA
Universitetssykehuset Nord-Norge HF,Total,"Service, technical  and/or operating procedures",Employed persons per 1 000 inhabitants,2008,NA
Universitetssykehuset Nord-Norge HF,Total,"Service, technical  and/or operating procedures",Employed persons per 1 000 inhabitants,2020,NA
Universitetssykehuset Nord-Norge HF,Total,"Service, technical  and/or operating procedures",Employed persons per 1 000 inhabitants,2021,NA
Universitetssykehuset Nord-Norge HF,Total,Other occupations,Contracted man-years unadjusted for long term leaves,2008,NA
Universitetssykehuset Nord-Norge HF,Total,Other occupations,Contracted man-years unadjusted for long term leaves,2020,NA
Universitetssykehuset Nord-Norge HF,Total,Other occupations,Contracted man-years unadjusted for long term leaves,2021,NA
Universitetssykehuset Nord-Norge HF,Total,Other occupations,Contracted man-years adjusted for long term leaves per 1 000 inhabitants,2008,NA
Universitetssykehuset Nord-Norge HF,Total,Other occupations,Contracted man-years adjusted for long term leaves per 1 000 inhabitants,2020,NA
Universitetssykehuset Nord-Norge HF,Total,Other occupations,Contracted man-years adjusted for long term leaves per 1 000 inhabitants,2021,NA
Universitetssykehuset Nord-Norge HF,Total,Other occupations,Employed persons per 1 000 inhabitants,2008,NA
Universitetssykehuset Nord-Norge HF,Total,Other occupations,Employed persons per 1 000 inhabitants,2020,NA
Universitetssykehuset Nord-Norge HF,Total,Other occupations,Employed persons per 1 000 inhabitants,2021,NA
Universitetssykehuset Nord-Norge HF,Ambulance service,"Man years, total",Contracted man-years unadjusted for long term leaves,2008,NA
Universitetssykehuset Nord-Norge HF,Ambulance service,"Man years, total",Contracted man-years unadjusted for long term leaves,2020,NA
Universitetssykehuset Nord-Norge HF,Ambulance service,"Man years, total",Contracted man-years unadjusted for long term leaves,2021,NA
Universitetssykehuset Nord-Norge HF,Ambulance service,"Man years, total",Contracted man-years adjusted for long term leaves per 1 000 inhabitants,2008,NA
Universitetssykehuset Nord-Norge HF,Ambulance service,"Man years, total",Contracted man-years adjusted for long term leaves per 1 000 inhabitants,2020,NA
Universitetssykehuset Nord-Norge HF,Ambulance service,"Man years, total",Contracted man-years adjusted for long term leaves per 1 000 inhabitants,2021,NA
Universitetssykehuset Nord-Norge HF,Ambulance service,"Man years, total",Employed persons per 1 000 inhabitants,2008,NA
Universitetssykehuset Nord-Norge HF,Ambulance service,"Man years, total",Employed persons per 1 000 inhabitants,2020,NA
Universitetssykehuset Nord-Norge HF,Ambulance service,"Man years, total",Employed persons per 1 000 inhabitants,2021,NA
Universitetssykehuset Nord-Norge HF,Ambulance service,"Service, technical  and/or operating procedures",Contracted man-years unadjusted for long term leaves,2008,NA
Universitetssykehuset Nord-Norge HF,Ambulance service,"Service, technical  and/or operating procedures",Contracted man-years unadjusted for long term leaves,2020,NA
Universitetssykehuset Nord-Norge HF,Ambulance service,"Service, technical  and/or operating procedures",Contracted man-years unadjusted for long term leaves,2021,NA
Universitetssykehuset Nord-Norge HF,Ambulance service,"Service, technical  and/or operating procedures",Contracted man-years adjusted for long term leaves per 1 000 inhabitants,2008,NA
Universitetssykehuset Nord-Norge HF,Ambulance service,"Service, technical  and/or operating procedures",Contracted man-years adjusted for long term leaves per 1 000 inhabitants,2020,NA
Universitetssykehuset Nord-Norge HF,Ambulance service,"Service, technical  and/or operating procedures",Contracted man-years adjusted for long term leaves per 1 000 inhabitants,2021,NA
Universitetssykehuset Nord-Norge HF,Ambulance service,"Service, technical  and/or operating procedures",Employed persons per 1 000 inhabitants,2008,NA
Universitetssykehuset Nord-Norge HF,Ambulance service,"Service, technical  and/or operating procedures",Employed persons per 1 000 inhabitants,2020,NA
Universitetssykehuset Nord-Norge HF,Ambulance service,"Service, technical  and/or operating procedures",Employed persons per 1 000 inhabitants,2021,NA
Universitetssykehuset Nord-Norge HF,Ambulance service,Other occupations,Contracted man-years unadjusted for long term leaves,2008,NA
Universitetssykehuset Nord-Norge HF,Ambulance service,Other occupations,Contracted man-years unadjusted for long term leaves,2020,NA
Universitetssykehuset Nord-Norge HF,Ambulance service,Other occupations,Contracted man-years unadjusted for long term leaves,2021,NA
Universitetssykehuset Nord-Norge HF,Ambulance service,Other occupations,Contracted man-years adjusted for long term leaves per 1 000 inhabitants,2008,NA
Universitetssykehuset Nord-Norge HF,Ambulance service,Other occupations,Contracted man-years adjusted for long term leaves per 1 000 inhabitants,2020,NA
Universitetssykehuset Nord-Norge HF,Ambulance service,Other occupations,Contracted man-years adjusted for long term leaves per 1 000 inhabitants,2021,NA
Universitetssykehuset Nord-Norge HF,Ambulance service,Other occupations,Employed persons per 1 000 inhabitants,2008,NA
Universitetssykehuset Nord-Norge HF,Ambulance service,Other occupations,Employed persons per 1 000 inhabitants,2020,NA
Universitetssykehuset Nord-Norge HF,Ambulance service,Other occupations,Employed persons per 1 000 inhabitants,2021,NA
Universitetssykehuset Nord-Norge HF,Shared services,"Man years, total",Contracted man-years unadjusted for long term leaves,2008,NA
Universitetssykehuset Nord-Norge HF,Shared services,"Man years, total",Contracted man-years unadjusted for long term leaves,2020,NA
Universitetssykehuset Nord-Norge HF,Shared services,"Man years, total",Contracted man-years unadjusted for long term leaves,2021,NA
Universitetssykehuset Nord-Norge HF,Shared services,"Man years, total",Contracted man-years adjusted for long term leaves per 1 000 inhabitants,2008,NA
Universitetssykehuset Nord-Norge HF,Shared services,"Man years, total",Contracted man-years adjusted for long term leaves per 1 000 inhabitants,2020,NA
Universitetssykehuset Nord-Norge HF,Shared services,"Man years, total",Contracted man-years adjusted for long term leaves per 1 000 inhabitants,2021,NA
Universitetssykehuset Nord-Norge HF,Shared services,"Man years, total",Employed persons per 1 000 inhabitants,2008,NA
Universitetssykehuset Nord-Norge HF,Shared services,"Man years, total",Employed persons per 1 000 inhabitants,2020,NA
Universitetssykehuset Nord-Norge HF,Shared services,"Man years, total",Employed persons per 1 000 inhabitants,2021,NA
Universitetssykehuset Nord-Norge HF,Shared services,"Service, technical  and/or operating procedures",Contracted man-years unadjusted for long term leaves,2008,NA
Universitetssykehuset Nord-Norge HF,Shared services,"Service, technical  and/or operating procedures",Contracted man-years unadjusted for long term leaves,2020,NA
Universitetssykehuset Nord-Norge HF,Shared services,"Service, technical  and/or operating procedures",Contracted man-years unadjusted for long term leaves,2021,NA
Universitetssykehuset Nord-Norge HF,Shared services,"Service, technical  and/or operating procedures",Contracted man-years adjusted for long term leaves per 1 000 inhabitants,2008,NA
Universitetssykehuset Nord-Norge HF,Shared services,"Service, technical  and/or operating procedures",Contracted man-years adjusted for long term leaves per 1 000 inhabitants,2020,NA
Universitetssykehuset Nord-Norge HF,Shared services,"Service, technical  and/or operating procedures",Contracted man-years adjusted for long term leaves per 1 000 inhabitants,2021,NA
Universitetssykehuset Nord-Norge HF,Shared services,"Service, technical  and/or operating procedures",Employed persons per 1 000 inhabitants,2008,NA
Universitetssykehuset Nord-Norge HF,Shared services,"Service, technical  and/or operating procedures",Employed persons per 1 000 inhabitants,2020,NA
Universitetssykehuset Nord-Norge HF,Shared services,"Service, technical  and/or operating procedures",Employed persons per 1 000 inhabitants,2021,NA
Universitetssykehuset Nord-Norge HF,Shared services,Other occupations,Contracted man-years unadjusted for long term leaves,2008,NA
Universitetssykehuset Nord-Norge HF,Shared services,Other occupations,Contracted man-years unadjusted for long term leaves,2020,NA
Universitetssykehuset Nord-Norge HF,Shared services,Other occupations,Contracted man-years unadjusted for long term leaves,2021,NA
Universitetssykehuset Nord-Norge HF,Shared services,Other occupations,Contracted man-years adjusted for long term leaves per 1 000 inhabitants,2008,NA
Universitetssykehuset Nord-Norge HF,Shared services,Other occupations,Contracted man-years adjusted for long term leaves per 1 000 inhabitants,2020,NA
Universitetssykehuset Nord-Norge HF,Shared services,Other occupations,Contracted man-years adjusted for long term leaves per 1 000 inhabitants,2021,NA
Universitetssykehuset Nord-Norge HF,Shared services,Other occupations,Employed persons per 1 000 inhabitants,2008,NA
Universitetssykehuset Nord-Norge HF,Shared services,Other occupations,Employed persons per 1 000 inhabitants,2020,NA
Universitetssykehuset Nord-Norge HF,Shared services,Other occupations,Employed persons per 1 000 inhabitants,2021,NA
Helse Sør-Øst RHF (2007-),Total,"Man years, total",Contracted man-years unadjusted for long term leaves,2008,NA
Helse Sør-Øst RHF (2007-),Total,"Man years, total",Contracted man-years unadjusted for long term leaves,2020,NA
Helse Sør-Øst RHF (2007-),Total,"Man years, total",Contracted man-years unadjusted for long term leaves,2021,NA
Helse Sør-Øst RHF (2007-),Total,"Man years, total",Contracted man-years adjusted for long term leaves per 1 000 inhabitants,2008,NA
Helse Sør-Øst RHF (2007-),Total,"Man years, total",Contracted man-years adjusted for long term leaves per 1 000 inhabitants,2020,NA
Helse Sør-Øst RHF (2007-),Total,"Man years, total",Contracted man-years adjusted for long term leaves per 1 000 inhabitants,2021,NA
Helse Sør-Øst RHF (2007-),Total,"Man years, total",Employed persons per 1 000 inhabitants,2008,NA
Helse Sør-Øst RHF (2007-),Total,"Man years, total",Employed persons per 1 000 inhabitants,2020,NA
Helse Sør-Øst RHF (2007-),Total,"Man years, total",Employed persons per 1 000 inhabitants,2021,NA
Helse Sør-Øst RHF (2007-),Total,"Service, technical  and/or operating procedures",Contracted man-years unadjusted for long term leaves,2008,NA
Helse Sør-Øst RHF (2007-),Total,"Service, technical  and/or operating procedures",Contracted man-years unadjusted for long term leaves,2020,NA
Helse Sør-Øst RHF (2007-),Total,"Service, technical  and/or operating procedures",Contracted man-years unadjusted for long term leaves,2021,NA
Helse Sør-Øst RHF (2007-),Total,"Service, technical  and/or operating procedures",Contracted man-years adjusted for long term leaves per 1 000 inhabitants,2008,NA
Helse Sør-Øst RHF (2007-),Total,"Service, technical  and/or operating procedures",Contracted man-years adjusted for long term leaves per 1 000 inhabitants,2020,NA
Helse Sør-Øst RHF (2007-),Total,"Service, technical  and/or operating procedures",Contracted man-years adjusted for long term leaves per 1 000 inhabitants,2021,NA
Helse Sør-Øst RHF (2007-),Total,"Service, technical  and/or operating procedures",Employed persons per 1 000 inhabitants,2008,NA
Helse Sør-Øst RHF (2007-),Total,"Service, technical  and/or operating procedures",Employed persons per 1 000 inhabitants,2020,NA
Helse Sør-Øst RHF (2007-),Total,"Service, technical  and/or operating procedures",Employed persons per 1 000 inhabitants,2021,NA
Helse Sør-Øst RHF (2007-),Total,Other occupations,Contracted man-years unadjusted for long term leaves,2008,NA
Helse Sør-Øst RHF (2007-),Total,Other occupations,Contracted man-years unadjusted for long term leaves,2020,NA
Helse Sør-Øst RHF (2007-),Total,Other occupations,Contracted man-years unadjusted for long term leaves,2021,NA
Helse Sør-Øst RHF (2007-),Total,Other occupations,Contracted man-years adjusted for long term leaves per 1 000 inhabitants,2008,NA
Helse Sør-Øst RHF (2007-),Total,Other occupations,Contracted man-years adjusted for long term leaves per 1 000 inhabitants,2020,NA
Helse Sør-Øst RHF (2007-),Total,Other occupations,Contracted man-years adjusted for long term leaves per 1 000 inhabitants,2021,NA
Helse Sør-Øst RHF (2007-),Total,Other occupations,Employed persons per 1 000 inhabitants,2008,NA
Helse Sør-Øst RHF (2007-),Total,Other occupations,Employed persons per 1 000 inhabitants,2020,NA
Helse Sør-Øst RHF (2007-),Total,Other occupations,Employed persons per 1 000 inhabitants,2021,NA
Helse Sør-Øst RHF (2007-),Ambulance service,"Man years, total",Contracted man-years unadjusted for long term leaves,2008,NA
Helse Sør-Øst RHF (2007-),Ambulance service,"Man years, total",Contracted man-years unadjusted for long term leaves,2020,NA
Helse Sør-Øst RHF (2007-),Ambulance service,"Man years, total",Contracted man-years unadjusted for long term leaves,2021,NA
Helse Sør-Øst RHF (2007-),Ambulance service,"Man years, total",Contracted man-years adjusted for long term leaves per 1 000 inhabitants,2008,NA
Helse Sør-Øst RHF (2007-),Ambulance service,"Man years, total",Contracted man-years adjusted for long term leaves per 1 000 inhabitants,2020,NA
Helse Sør-Øst RHF (2007-),Ambulance service,"Man years, total",Contracted man-years adjusted for long term leaves per 1 000 inhabitants,2021,NA
Helse Sør-Øst RHF (2007-),Ambulance service,"Man years, total",Employed persons per 1 000 inhabitants,2008,NA
Helse Sør-Øst RHF (2007-),Ambulance service,"Man years, total",Employed persons per 1 000 inhabitants,2020,NA
Helse Sør-Øst RHF (2007-),Ambulance service,"Man years, total",Employed persons per 1 000 inhabitants,2021,NA
Helse Sør-Øst RHF (2007-),Ambulance service,"Service, technical  and/or operating procedures",Contracted man-years unadjusted for long term leaves,2008,NA
Helse Sør-Øst RHF (2007-),Ambulance service,"Service, technical  and/or operating procedures",Contracted man-years unadjusted for long term leaves,2020,NA
Helse Sør-Øst RHF (2007-),Ambulance service,"Service, technical  and/or operating procedures",Contracted man-years unadjusted for long term leaves,2021,NA
Helse Sør-Øst RHF (2007-),Ambulance service,"Service, technical  and/or operating procedures",Contracted man-years adjusted for long term leaves per 1 000 inhabitants,2008,NA
Helse Sør-Øst RHF (2007-),Ambulance service,"Service, technical  and/or operating procedures",Contracted man-years adjusted for long term leaves per 1 000 inhabitants,2020,NA
Helse Sør-Øst RHF (2007-),Ambulance service,"Service, technical  and/or operating procedures",Contracted man-years adjusted for long term leaves per 1 000 inhabitants,2021,NA
Helse Sør-Øst RHF (2007-),Ambulance service,"Service, technical  and/or operating procedures",Employed persons per 1 000 inhabitants,2008,NA
Helse Sør-Øst RHF (2007-),Ambulance service,"Service, technical  and/or operating procedures",Employed persons per 1 000 inhabitants,2020,NA
Helse Sør-Øst RHF (2007-),Ambulance service,"Service, technical  and/or operating procedures",Employed persons per 1 000 inhabitants,2021,NA
Helse Sør-Øst RHF (2007-),Ambulance service,Other occupations,Contracted man-years unadjusted for long term leaves,2008,NA
Helse Sør-Øst RHF (2007-),Ambulance service,Other occupations,Contracted man-years unadjusted for long term leaves,2020,NA
Helse Sør-Øst RHF (2007-),Ambulance service,Other occupations,Contracted man-years unadjusted for long term leaves,2021,NA
Helse Sør-Øst RHF (2007-),Ambulance service,Other occupations,Contracted man-years adjusted for long term leaves per 1 000 inhabitants,2008,NA
Helse Sør-Øst RHF (2007-),Ambulance service,Other occupations,Contracted man-years adjusted for long term leaves per 1 000 inhabitants,2020,NA
Helse Sør-Øst RHF (2007-),Ambulance service,Other occupations,Contracted man-years adjusted for long term leaves per 1 000 inhabitants,2021,NA
Helse Sør-Øst RHF (2007-),Ambulance service,Other occupations,Employed persons per 1 000 inhabitants,2008,NA
Helse Sør-Øst RHF (2007-),Ambulance service,Other occupations,Employed persons per 1 000 inhabitants,2020,NA
Helse Sør-Øst RHF (2007-),Ambulance service,Other occupations,Employed persons per 1 000 inhabitants,2021,NA
Helse Sør-Øst RHF (2007-),Shared services,"Man years, total",Contracted man-years unadjusted for long term leaves,2008,NA
Helse Sør-Øst RHF (2007-),Shared services,"Man years, total",Contracted man-years unadjusted for long term leaves,2020,NA
Helse Sør-Øst RHF (2007-),Shared services,"Man years, total",Contracted man-years unadjusted for long term leaves,2021,NA
Helse Sør-Øst RHF (2007-),Shared services,"Man years, total",Contracted man-years adjusted for long term leaves per 1 000 inhabitants,2008,NA
Helse Sør-Øst RHF (2007-),Shared services,"Man years, total",Contracted man-years adjusted for long term leaves per 1 000 inhabitants,2020,NA
Helse Sør-Øst RHF (2007-),Shared services,"Man years, total",Contracted man-years adjusted for long term leaves per 1 000 inhabitants,2021,NA
Helse Sør-Øst RHF (2007-),Shared services,"Man years, total",Employed persons per 1 000 inhabitants,2008,NA
Helse Sør-Øst RHF (2007-),Shared services,"Man years, total",Employed persons per 1 000 inhabitants,2020,NA
Helse Sør-Øst RHF (2007-),Shared services,"Man years, total",Employed persons per 1 000 inhabitants,2021,NA
Helse Sør-Øst RHF (2007-),Shared services,"Service, technical  and/or operating procedures",Contracted man-years unadjusted for long term leaves,2008,NA
Helse Sør-Øst RHF (2007-),Shared services,"Service, technical  and/or operating procedures",Contracted man-years unadjusted for long term leaves,2020,NA
Helse Sør-Øst RHF (2007-),Shared services,"Service, technical  and/or operating procedures",Contracted man-years unadjusted for long term leaves,2021,NA
Helse Sør-Øst RHF (2007-),Shared services,"Service, technical  and/or operating procedures",Contracted man-years adjusted for long term leaves per 1 000 inhabitants,2008,NA
Helse Sør-Øst RHF (2007-),Shared services,"Service, technical  and/or operating procedures",Contracted man-years adjusted for long term leaves per 1 000 inhabitants,2020,NA
Helse Sør-Øst RHF (2007-),Shared services,"Service, technical  and/or operating procedures",Contracted man-years adjusted for long term leaves per 1 000 inhabitants,2021,NA
Helse Sør-Øst RHF (2007-),Shared services,"Service, technical  and/or operating procedures",Employed persons per 1 000 inhabitants,2008,NA
Helse Sør-Øst RHF (2007-),Shared services,"Service, technical  and/or operating procedures",Employed persons per 1 000 inhabitants,2020,NA
Helse Sør-Øst RHF (2007-),Shared services,"Service, technical  and/or operating procedures",Employed persons per 1 000 inhabitants,2021,NA
Helse Sør-Øst RHF (2007-),Shared services,Other occupations,Contracted man-years unadjusted for long term leaves,2008,NA
Helse Sør-Øst RHF (2007-),Shared services,Other occupations,Contracted man-years unadjusted for long term leaves,2020,NA
Helse Sør-Øst RHF (2007-),Shared services,Other occupations,Contracted man-years unadjusted for long term leaves,2021,NA
Helse Sør-Øst RHF (2007-),Shared services,Other occupations,Contracted man-years adjusted for long term leaves per 1 000 inhabitants,2008,NA
Helse Sør-Øst RHF (2007-),Shared services,Other occupations,Contracted man-years adjusted for long term leaves per 1 000 inhabitants,2020,NA
Helse Sør-Øst RHF (2007-),Shared services,Other occupations,Contracted man-years adjusted for long term leaves per 1 000 inhabitants,2021,NA
Helse Sør-Øst RHF (2007-),Shared services,Other occupations,Employed persons per 1 000 inhabitants,2008,NA
Helse Sør-Øst RHF (2007-),Shared services,Other occupations,Employed persons per 1 000 inhabitants,2020,NA
Helse Sør-Øst RHF (2007-),Shared services,Other occupations,Employed persons per 1 000 inhabitants,2021,NA
Sykehuset Telemark HF,Total,"Man years, total",Contracted man-years unadjusted for long term leaves,2008,NA
Sykehuset Telemark HF,Total,"Man years, total",Contracted man-years unadjusted for long term leaves,2020,NA
Sykehuset Telemark HF,Total,"Man years, total",Contracted man-years unadjusted for long term leaves,2021,NA
Sykehuset Telemark HF,Total,"Man years, total",Contracted man-years adjusted for long term leaves per 1 000 inhabitants,2008,NA
Sykehuset Telemark HF,Total,"Man years, total",Contracted man-years adjusted for long term leaves per 1 000 inhabitants,2020,NA
Sykehuset Telemark HF,Total,"Man years, total",Contracted man-years adjusted for long term leaves per 1 000 inhabitants,2021,NA
Sykehuset Telemark HF,Total,"Man years, total",Employed persons per 1 000 inhabitants,2008,NA
Sykehuset Telemark HF,Total,"Man years, total",Employed persons per 1 000 inhabitants,2020,NA
Sykehuset Telemark HF,Total,"Man years, total",Employed persons per 1 000 inhabitants,2021,NA
Sykehuset Telemark HF,Total,"Service, technical  and/or operating procedures",Contracted man-years unadjusted for long term leaves,2008,NA
Sykehuset Telemark HF,Total,"Service, technical  and/or operating procedures",Contracted man-years unadjusted for long term leaves,2020,NA
Sykehuset Telemark HF,Total,"Service, technical  and/or operating procedures",Contracted man-years unadjusted for long term leaves,2021,NA
Sykehuset Telemark HF,Total,"Service, technical  and/or operating procedures",Contracted man-years adjusted for long term leaves per 1 000 inhabitants,2008,NA
Sykehuset Telemark HF,Total,"Service, technical  and/or operating procedures",Contracted man-years adjusted for long term leaves per 1 000 inhabitants,2020,NA
Sykehuset Telemark HF,Total,"Service, technical  and/or operating procedures",Contracted man-years adjusted for long term leaves per 1 000 inhabitants,2021,NA
Sykehuset Telemark HF,Total,"Service, technical  and/or operating procedures",Employed persons per 1 000 inhabitants,2008,NA
Sykehuset Telemark HF,Total,"Service, technical  and/or operating procedures",Employed persons per 1 000 inhabitants,2020,NA
Sykehuset Telemark HF,Total,"Service, technical  and/or operating procedures",Employed persons per 1 000 inhabitants,2021,NA
Sykehuset Telemark HF,Total,Other occupations,Contracted man-years unadjusted for long term leaves,2008,NA
Sykehuset Telemark HF,Total,Other occupations,Contracted man-years unadjusted for long term leaves,2020,NA
Sykehuset Telemark HF,Total,Other occupations,Contracted man-years unadjusted for long term leaves,2021,NA
Sykehuset Telemark HF,Total,Other occupations,Contracted man-years adjusted for long term leaves per 1 000 inhabitants,2008,NA
Sykehuset Telemark HF,Total,Other occupations,Contracted man-years adjusted for long term leaves per 1 000 inhabitants,2020,NA
Sykehuset Telemark HF,Total,Other occupations,Contracted man-years adjusted for long term leaves per 1 000 inhabitants,2021,NA
Sykehuset Telemark HF,Total,Other occupations,Employed persons per 1 000 inhabitants,2008,NA
Sykehuset Telemark HF,Total,Other occupations,Employed persons per 1 000 inhabitants,2020,NA
Sykehuset Telemark HF,Total,Other occupations,Employed persons per 1 000 inhabitants,2021,NA
Sykehuset Telemark HF,Ambulance service,"Man years, total",Contracted man-years unadjusted for long term leaves,2008,NA
Sykehuset Telemark HF,Ambulance service,"Man years, total",Contracted man-years unadjusted for long term leaves,2020,NA
Sykehuset Telemark HF,Ambulance service,"Man years, total",Contracted man-years unadjusted for long term leaves,2021,NA
Sykehuset Telemark HF,Ambulance service,"Man years, total",Contracted man-years adjusted for long term leaves per 1 000 inhabitants,2008,NA
Sykehuset Telemark HF,Ambulance service,"Man years, total",Contracted man-years adjusted for long term leaves per 1 000 inhabitants,2020,NA
Sykehuset Telemark HF,Ambulance service,"Man years, total",Contracted man-years adjusted for long term leaves per 1 000 inhabitants,2021,NA
Sykehuset Telemark HF,Ambulance service,"Man years, total",Employed persons per 1 000 inhabitants,2008,NA
Sykehuset Telemark HF,Ambulance service,"Man years, total",Employed persons per 1 000 inhabitants,2020,NA
Sykehuset Telemark HF,Ambulance service,"Man years, total",Employed persons per 1 000 inhabitants,2021,NA
Sykehuset Telemark HF,Ambulance service,"Service, technical  and/or operating procedures",Contracted man-years unadjusted for long term leaves,2008,NA
Sykehuset Telemark HF,Ambulance service,"Service, technical  and/or operating procedures",Contracted man-years unadjusted for long term leaves,2020,NA
Sykehuset Telemark HF,Ambulance service,"Service, technical  and/or operating procedures",Contracted man-years unadjusted for long term leaves,2021,NA
Sykehuset Telemark HF,Ambulance service,"Service, technical  and/or operating procedures",Contracted man-years adjusted for long term leaves per 1 000 inhabitants,2008,NA
Sykehuset Telemark HF,Ambulance service,"Service, technical  and/or operating procedures",Contracted man-years adjusted for long term leaves per 1 000 inhabitants,2020,NA
Sykehuset Telemark HF,Ambulance service,"Service, technical  and/or operating procedures",Contracted man-years adjusted for long term leaves per 1 000 inhabitants,2021,NA
Sykehuset Telemark HF,Ambulance service,"Service, technical  and/or operating procedures",Employed persons per 1 000 inhabitants,2008,NA
Sykehuset Telemark HF,Ambulance service,"Service, technical  and/or operating procedures",Employed persons per 1 000 inhabitants,2020,NA
Sykehuset Telemark HF,Ambulance service,"Service, technical  and/or operating procedures",Employed persons per 1 000 inhabitants,2021,NA
Sykehuset Telemark HF,Ambulance service,Other occupations,Contracted man-years unadjusted for long term leaves,2008,NA
Sykehuset Telemark HF,Ambulance service,Other occupations,Contracted man-years unadjusted for long term leaves,2020,NA
Sykehuset Telemark HF,Ambulance service,Other occupations,Contracted man-years unadjusted for long term leaves,2021,NA
Sykehuset Telemark HF,Ambulance service,Other occupations,Contracted man-years adjusted for long term leaves per 1 000 inhabitants,2008,NA
Sykehuset Telemark HF,Ambulance service,Other occupations,Contracted man-years adjusted for long term leaves per 1 000 inhabitants,2020,NA
Sykehuset Telemark HF,Ambulance service,Other occupations,Contracted man-years adjusted for long term leaves per 1 000 inhabitants,2021,NA
Sykehuset Telemark HF,Ambulance service,Other occupations,Employed persons per 1 000 inhabitants,2008,NA
Sykehuset Telemark HF,Ambulance service,Other occupations,Employed persons per 1 000 inhabitants,2020,NA
Sykehuset Telemark HF,Ambulance service,Other occupations,Employed persons per 1 000 inhabitants,2021,NA
Sykehuset Telemark HF,Shared services,"Man years, total",Contracted man-years unadjusted for long term leaves,2008,NA
Sykehuset Telemark HF,Shared services,"Man years, total",Contracted man-years unadjusted for long term leaves,2020,NA
Sykehuset Telemark HF,Shared services,"Man years, total",Contracted man-years unadjusted for long term leaves,2021,NA
Sykehuset Telemark HF,Shared services,"Man years, total",Contracted man-years adjusted for long term leaves per 1 000 inhabitants,2008,NA
Sykehuset Telemark HF,Shared services,"Man years, total",Contracted man-years adjusted for long term leaves per 1 000 inhabitants,2020,NA
Sykehuset Telemark HF,Shared services,"Man years, total",Contracted man-years adjusted for long term leaves per 1 000 inhabitants,2021,NA
Sykehuset Telemark HF,Shared services,"Man years, total",Employed persons per 1 000 inhabitants,2008,NA
Sykehuset Telemark HF,Shared services,"Man years, total",Employed persons per 1 000 inhabitants,2020,NA
Sykehuset Telemark HF,Shared services,"Man years, total",Employed persons per 1 000 inhabitants,2021,NA
Sykehuset Telemark HF,Shared services,"Service, technical  and/or operating procedures",Contracted man-years unadjusted for long term leaves,2008,NA
Sykehuset Telemark HF,Shared services,"Service, technical  and/or operating procedures",Contracted man-years unadjusted for long term leaves,2020,NA
Sykehuset Telemark HF,Shared services,"Service, technical  and/or operating procedures",Contracted man-years unadjusted for long term leaves,2021,NA
Sykehuset Telemark HF,Shared services,"Service, technical  and/or operating procedures",Contracted man-years adjusted for long term leaves per 1 000 inhabitants,2008,NA
Sykehuset Telemark HF,Shared services,"Service, technical  and/or operating procedures",Contracted man-years adjusted for long term leaves per 1 000 inhabitants,2020,NA
Sykehuset Telemark HF,Shared services,"Service, technical  and/or operating procedures",Contracted man-years adjusted for long term leaves per 1 000 inhabitants,2021,NA
Sykehuset Telemark HF,Shared services,"Service, technical  and/or operating procedures",Employed persons per 1 000 inhabitants,2008,NA
Sykehuset Telemark HF,Shared services,"Service, technical  and/or operating procedures",Employed persons per 1 000 inhabitants,2020,NA
Sykehuset Telemark HF,Shared services,"Service, technical  and/or operating procedures",Employed persons per 1 000 inhabitants,2021,NA
Sykehuset Telemark HF,Shared services,Other occupations,Contracted man-years unadjusted for long term leaves,2008,NA
Sykehuset Telemark HF,Shared services,Other occupations,Contracted man-years unadjusted for long term leaves,2020,NA
Sykehuset Telemark HF,Shared services,Other occupations,Contracted man-years unadjusted for long term leaves,2021,NA
Sykehuset Telemark HF,Shared services,Other occupations,Contracted man-years adjusted for long term leaves per 1 000 inhabitants,2008,NA
Sykehuset Telemark HF,Shared services,Other occupations,Contracted man-years adjusted for long term leaves per 1 000 inhabitants,2020,NA
Sykehuset Telemark HF,Shared services,Other occupations,Contracted man-years adjusted for long term leaves per 1 000 inhabitants,2021,NA
Sykehuset Telemark HF,Shared services,Other occupations,Employed persons per 1 000 inhabitants,2008,NA
Sykehuset Telemark HF,Shared services,Other occupations,Employed persons per 1 000 inhabitants,2020,NA
Sykehuset Telemark HF,Shared services,Other occupations,Employed persons per 1 000 inhabitants,2021,NA
Psykiatrien i  Vestfold HF (2002-2011),Total,"Man years, total",Contracted man-years unadjusted for long term leaves,2008,NA
Psykiatrien i  Vestfold HF (2002-2011),Total,"Man years, total",Contracted man-years unadjusted for long term leaves,2020,NA
Psykiatrien i  Vestfold HF (2002-2011),Total,"Man years, total",Contracted man-years unadjusted for long term leaves,2021,NA
Psykiatrien i  Vestfold HF (2002-2011),Total,"Man years, total",Contracted man-years adjusted for long term leaves per 1 000 inhabitants,2008,NA
Psykiatrien i  Vestfold HF (2002-2011),Total,"Man years, total",Contracted man-years adjusted for long term leaves per 1 000 inhabitants,2020,NA
Psykiatrien i  Vestfold HF (2002-2011),Total,"Man years, total",Contracted man-years adjusted for long term leaves per 1 000 inhabitants,2021,NA
Psykiatrien i  Vestfold HF (2002-2011),Total,"Man years, total",Employed persons per 1 000 inhabitants,2008,NA
Psykiatrien i  Vestfold HF (2002-2011),Total,"Man years, total",Employed persons per 1 000 inhabitants,2020,NA
Psykiatrien i  Vestfold HF (2002-2011),Total,"Man years, total",Employed persons per 1 000 inhabitants,2021,NA
Psykiatrien i  Vestfold HF (2002-2011),Total,"Service, technical  and/or operating procedures",Contracted man-years unadjusted for long term leaves,2008,NA
Psykiatrien i  Vestfold HF (2002-2011),Total,"Service, technical  and/or operating procedures",Contracted man-years unadjusted for long term leaves,2020,NA
Psykiatrien i  Vestfold HF (2002-2011),Total,"Service, technical  and/or operating procedures",Contracted man-years unadjusted for long term leaves,2021,NA
Psykiatrien i  Vestfold HF (2002-2011),Total,"Service, technical  and/or operating procedures",Contracted man-years adjusted for long term leaves per 1 000 inhabitants,2008,NA
Psykiatrien i  Vestfold HF (2002-2011),Total,"Service, technical  and/or operating procedures",Contracted man-years adjusted for long term leaves per 1 000 inhabitants,2020,NA
Psykiatrien i  Vestfold HF (2002-2011),Total,"Service, technical  and/or operating procedures",Contracted man-years adjusted for long term leaves per 1 000 inhabitants,2021,NA
Psykiatrien i  Vestfold HF (2002-2011),Total,"Service, technical  and/or operating procedures",Employed persons per 1 000 inhabitants,2008,NA
Psykiatrien i  Vestfold HF (2002-2011),Total,"Service, technical  and/or operating procedures",Employed persons per 1 000 inhabitants,2020,NA
Psykiatrien i  Vestfold HF (2002-2011),Total,"Service, technical  and/or operating procedures",Employed persons per 1 000 inhabitants,2021,NA
Psykiatrien i  Vestfold HF (2002-2011),Total,Other occupations,Contracted man-years unadjusted for long term leaves,2008,NA
Psykiatrien i  Vestfold HF (2002-2011),Total,Other occupations,Contracted man-years unadjusted for long term leaves,2020,NA
Psykiatrien i  Vestfold HF (2002-2011),Total,Other occupations,Contracted man-years unadjusted for long term leaves,2021,NA
Psykiatrien i  Vestfold HF (2002-2011),Total,Other occupations,Contracted man-years adjusted for long term leaves per 1 000 inhabitants,2008,NA
Psykiatrien i  Vestfold HF (2002-2011),Total,Other occupations,Contracted man-years adjusted for long term leaves per 1 000 inhabitants,2020,NA
Psykiatrien i  Vestfold HF (2002-2011),Total,Other occupations,Contracted man-years adjusted for long term leaves per 1 000 inhabitants,2021,NA
Psykiatrien i  Vestfold HF (2002-2011),Total,Other occupations,Employed persons per 1 000 inhabitants,2008,NA
Psykiatrien i  Vestfold HF (2002-2011),Total,Other occupations,Employed persons per 1 000 inhabitants,2020,NA
Psykiatrien i  Vestfold HF (2002-2011),Total,Other occupations,Employed persons per 1 000 inhabitants,2021,NA
Psykiatrien i  Vestfold HF (2002-2011),Ambulance service,"Man years, total",Contracted man-years unadjusted for long term leaves,2008,NA
Psykiatrien i  Vestfold HF (2002-2011),Ambulance service,"Man years, total",Contracted man-years unadjusted for long term leaves,2020,NA
Psykiatrien i  Vestfold HF (2002-2011),Ambulance service,"Man years, total",Contracted man-years unadjusted for long term leaves,2021,NA
Psykiatrien i  Vestfold HF (2002-2011),Ambulance service,"Man years, total",Contracted man-years adjusted for long term leaves per 1 000 inhabitants,2008,NA
Psykiatrien i  Vestfold HF (2002-2011),Ambulance service,"Man years, total",Contracted man-years adjusted for long term leaves per 1 000 inhabitants,2020,NA
Psykiatrien i  Vestfold HF (2002-2011),Ambulance service,"Man years, total",Contracted man-years adjusted for long term leaves per 1 000 inhabitants,2021,NA
Psykiatrien i  Vestfold HF (2002-2011),Ambulance service,"Man years, total",Employed persons per 1 000 inhabitants,2008,NA
Psykiatrien i  Vestfold HF (2002-2011),Ambulance service,"Man years, total",Employed persons per 1 000 inhabitants,2020,NA
Psykiatrien i  Vestfold HF (2002-2011),Ambulance service,"Man years, total",Employed persons per 1 000 inhabitants,2021,NA
Psykiatrien i  Vestfold HF (2002-2011),Ambulance service,"Service, technical  and/or operating procedures",Contracted man-years unadjusted for long term leaves,2008,NA
Psykiatrien i  Vestfold HF (2002-2011),Ambulance service,"Service, technical  and/or operating procedures",Contracted man-years unadjusted for long term leaves,2020,NA
Psykiatrien i  Vestfold HF (2002-2011),Ambulance service,"Service, technical  and/or operating procedures",Contracted man-years unadjusted for long term leaves,2021,NA
Psykiatrien i  Vestfold HF (2002-2011),Ambulance service,"Service, technical  and/or operating procedures",Contracted man-years adjusted for long term leaves per 1 000 inhabitants,2008,NA
Psykiatrien i  Vestfold HF (2002-2011),Ambulance service,"Service, technical  and/or operating procedures",Contracted man-years adjusted for long term leaves per 1 000 inhabitants,2020,NA
Psykiatrien i  Vestfold HF (2002-2011),Ambulance service,"Service, technical  and/or operating procedures",Contracted man-years adjusted for long term leaves per 1 000 inhabitants,2021,NA
Psykiatrien i  Vestfold HF (2002-2011),Ambulance service,"Service, technical  and/or operating procedures",Employed persons per 1 000 inhabitants,2008,NA
Psykiatrien i  Vestfold HF (2002-2011),Ambulance service,"Service, technical  and/or operating procedures",Employed persons per 1 000 inhabitants,2020,NA
Psykiatrien i  Vestfold HF (2002-2011),Ambulance service,"Service, technical  and/or operating procedures",Employed persons per 1 000 inhabitants,2021,NA
Psykiatrien i  Vestfold HF (2002-2011),Ambulance service,Other occupations,Contracted man-years unadjusted for long term leaves,2008,NA
Psykiatrien i  Vestfold HF (2002-2011),Ambulance service,Other occupations,Contracted man-years unadjusted for long term leaves,2020,NA
Psykiatrien i  Vestfold HF (2002-2011),Ambulance service,Other occupations,Contracted man-years unadjusted for long term leaves,2021,NA
Psykiatrien i  Vestfold HF (2002-2011),Ambulance service,Other occupations,Contracted man-years adjusted for long term leaves per 1 000 inhabitants,2008,NA
Psykiatrien i  Vestfold HF (2002-2011),Ambulance service,Other occupations,Contracted man-years adjusted for long term leaves per 1 000 inhabitants,2020,NA
Psykiatrien i  Vestfold HF (2002-2011),Ambulance service,Other occupations,Contracted man-years adjusted for long term leaves per 1 000 inhabitants,2021,NA
Psykiatrien i  Vestfold HF (2002-2011),Ambulance service,Other occupations,Employed persons per 1 000 inhabitants,2008,NA
Psykiatrien i  Vestfold HF (2002-2011),Ambulance service,Other occupations,Employed persons per 1 000 inhabitants,2020,NA
Psykiatrien i  Vestfold HF (2002-2011),Ambulance service,Other occupations,Employed persons per 1 000 inhabitants,2021,NA
Psykiatrien i  Vestfold HF (2002-2011),Shared services,"Man years, total",Contracted man-years unadjusted for long term leaves,2008,NA
Psykiatrien i  Vestfold HF (2002-2011),Shared services,"Man years, total",Contracted man-years unadjusted for long term leaves,2020,NA
Psykiatrien i  Vestfold HF (2002-2011),Shared services,"Man years, total",Contracted man-years unadjusted for long term leaves,2021,NA
Psykiatrien i  Vestfold HF (2002-2011),Shared services,"Man years, total",Contracted man-years adjusted for long term leaves per 1 000 inhabitants,2008,NA
Psykiatrien i  Vestfold HF (2002-2011),Shared services,"Man years, total",Contracted man-years adjusted for long term leaves per 1 000 inhabitants,2020,NA
Psykiatrien i  Vestfold HF (2002-2011),Shared services,"Man years, total",Contracted man-years adjusted for long term leaves per 1 000 inhabitants,2021,NA
Psykiatrien i  Vestfold HF (2002-2011),Shared services,"Man years, total",Employed persons per 1 000 inhabitants,2008,NA
Psykiatrien i  Vestfold HF (2002-2011),Shared services,"Man years, total",Employed persons per 1 000 inhabitants,2020,NA
Psykiatrien i  Vestfold HF (2002-2011),Shared services,"Man years, total",Employed persons per 1 000 inhabitants,2021,NA
Psykiatrien i  Vestfold HF (2002-2011),Shared services,"Service, technical  and/or operating procedures",Contracted man-years unadjusted for long term leaves,2008,NA
Psykiatrien i  Vestfold HF (2002-2011),Shared services,"Service, technical  and/or operating procedures",Contracted man-years unadjusted for long term leaves,2020,NA
Psykiatrien i  Vestfold HF (2002-2011),Shared services,"Service, technical  and/or operating procedures",Contracted man-years unadjusted for long term leaves,2021,NA
Psykiatrien i  Vestfold HF (2002-2011),Shared services,"Service, technical  and/or operating procedures",Contracted man-years adjusted for long term leaves per 1 000 inhabitants,2008,NA
Psykiatrien i  Vestfold HF (2002-2011),Shared services,"Service, technical  and/or operating procedures",Contracted man-years adjusted for long term leaves per 1 000 inhabitants,2020,NA
Psykiatrien i  Vestfold HF (2002-2011),Shared services,"Service, technical  and/or operating procedures",Contracted man-years adjusted for long term leaves per 1 000 inhabitants,2021,NA
Psykiatrien i  Vestfold HF (2002-2011),Shared services,"Service, technical  and/or operating procedures",Employed persons per 1 000 inhabitants,2008,NA
Psykiatrien i  Vestfold HF (2002-2011),Shared services,"Service, technical  and/or operating procedures",Employed persons per 1 000 inhabitants,2020,NA
Psykiatrien i  Vestfold HF (2002-2011),Shared services,"Service, technical  and/or operating procedures",Employed persons per 1 000 inhabitants,2021,NA
Psykiatrien i  Vestfold HF (2002-2011),Shared services,Other occupations,Contracted man-years unadjusted for long term leaves,2008,NA
Psykiatrien i  Vestfold HF (2002-2011),Shared services,Other occupations,Contracted man-years unadjusted for long term leaves,2020,NA
Psykiatrien i  Vestfold HF (2002-2011),Shared services,Other occupations,Contracted man-years unadjusted for long term leaves,2021,NA
Psykiatrien i  Vestfold HF (2002-2011),Shared services,Other occupations,Contracted man-years adjusted for long term leaves per 1 000 inhabitants,2008,NA
Psykiatrien i  Vestfold HF (2002-2011),Shared services,Other occupations,Contracted man-years adjusted for long term leaves per 1 000 inhabitants,2020,NA
Psykiatrien i  Vestfold HF (2002-2011),Shared services,Other occupations,Contracted man-years adjusted for long term leaves per 1 000 inhabitants,2021,NA
Psykiatrien i  Vestfold HF (2002-2011),Shared services,Other occupations,Employed persons per 1 000 inhabitants,2008,NA
Psykiatrien i  Vestfold HF (2002-2011),Shared services,Other occupations,Employed persons per 1 000 inhabitants,2020,NA
Psykiatrien i  Vestfold HF (2002-2011),Shared services,Other occupations,Employed persons per 1 000 inhabitants,2021,NA
Sunnaas sykehus HF,Total,"Man years, total",Contracted man-years unadjusted for long term leaves,2008,NA
Sunnaas sykehus HF,Total,"Man years, total",Contracted man-years unadjusted for long term leaves,2020,NA
Sunnaas sykehus HF,Total,"Man years, total",Contracted man-years unadjusted for long term leaves,2021,NA
Sunnaas sykehus HF,Total,"Man years, total",Contracted man-years adjusted for long term leaves per 1 000 inhabitants,2008,NA
Sunnaas sykehus HF,Total,"Man years, total",Contracted man-years adjusted for long term leaves per 1 000 inhabitants,2020,NA
Sunnaas sykehus HF,Total,"Man years, total",Contracted man-years adjusted for long term leaves per 1 000 inhabitants,2021,NA
Sunnaas sykehus HF,Total,"Man years, total",Employed persons per 1 000 inhabitants,2008,NA
Sunnaas sykehus HF,Total,"Man years, total",Employed persons per 1 000 inhabitants,2020,NA
Sunnaas sykehus HF,Total,"Man years, total",Employed persons per 1 000 inhabitants,2021,NA
Sunnaas sykehus HF,Total,"Service, technical  and/or operating procedures",Contracted man-years unadjusted for long term leaves,2008,NA
Sunnaas sykehus HF,Total,"Service, technical  and/or operating procedures",Contracted man-years unadjusted for long term leaves,2020,NA
Sunnaas sykehus HF,Total,"Service, technical  and/or operating procedures",Contracted man-years unadjusted for long term leaves,2021,NA
Sunnaas sykehus HF,Total,"Service, technical  and/or operating procedures",Contracted man-years adjusted for long term leaves per 1 000 inhabitants,2008,NA
Sunnaas sykehus HF,Total,"Service, technical  and/or operating procedures",Contracted man-years adjusted for long term leaves per 1 000 inhabitants,2020,NA
Sunnaas sykehus HF,Total,"Service, technical  and/or operating procedures",Contracted man-years adjusted for long term leaves per 1 000 inhabitants,2021,NA
Sunnaas sykehus HF,Total,"Service, technical  and/or operating procedures",Employed persons per 1 000 inhabitants,2008,NA
Sunnaas sykehus HF,Total,"Service, technical  and/or operating procedures",Employed persons per 1 000 inhabitants,2020,NA
Sunnaas sykehus HF,Total,"Service, technical  and/or operating procedures",Employed persons per 1 000 inhabitants,2021,NA
Sunnaas sykehus HF,Total,Other occupations,Contracted man-years unadjusted for long term leaves,2008,NA
Sunnaas sykehus HF,Total,Other occupations,Contracted man-years unadjusted for long term leaves,2020,NA
Sunnaas sykehus HF,Total,Other occupations,Contracted man-years unadjusted for long term leaves,2021,NA
Sunnaas sykehus HF,Total,Other occupations,Contracted man-years adjusted for long term leaves per 1 000 inhabitants,2008,NA
Sunnaas sykehus HF,Total,Other occupations,Contracted man-years adjusted for long term leaves per 1 000 inhabitants,2020,NA
Sunnaas sykehus HF,Total,Other occupations,Contracted man-years adjusted for long term leaves per 1 000 inhabitants,2021,NA
Sunnaas sykehus HF,Total,Other occupations,Employed persons per 1 000 inhabitants,2008,NA
Sunnaas sykehus HF,Total,Other occupations,Employed persons per 1 000 inhabitants,2020,NA
Sunnaas sykehus HF,Total,Other occupations,Employed persons per 1 000 inhabitants,2021,NA
Sunnaas sykehus HF,Ambulance service,"Man years, total",Contracted man-years unadjusted for long term leaves,2008,NA
Sunnaas sykehus HF,Ambulance service,"Man years, total",Contracted man-years unadjusted for long term leaves,2020,NA
Sunnaas sykehus HF,Ambulance service,"Man years, total",Contracted man-years unadjusted for long term leaves,2021,NA
Sunnaas sykehus HF,Ambulance service,"Man years, total",Contracted man-years adjusted for long term leaves per 1 000 inhabitants,2008,NA
Sunnaas sykehus HF,Ambulance service,"Man years, total",Contracted man-years adjusted for long term leaves per 1 000 inhabitants,2020,NA
Sunnaas sykehus HF,Ambulance service,"Man years, total",Contracted man-years adjusted for long term leaves per 1 000 inhabitants,2021,NA
Sunnaas sykehus HF,Ambulance service,"Man years, total",Employed persons per 1 000 inhabitants,2008,NA
Sunnaas sykehus HF,Ambulance service,"Man years, total",Employed persons per 1 000 inhabitants,2020,NA
Sunnaas sykehus HF,Ambulance service,"Man years, total",Employed persons per 1 000 inhabitants,2021,NA
Sunnaas sykehus HF,Ambulance service,"Service, technical  and/or operating procedures",Contracted man-years unadjusted for long term leaves,2008,NA
Sunnaas sykehus HF,Ambulance service,"Service, technical  and/or operating procedures",Contracted man-years unadjusted for long term leaves,2020,NA
Sunnaas sykehus HF,Ambulance service,"Service, technical  and/or operating procedures",Contracted man-years unadjusted for long term leaves,2021,NA
Sunnaas sykehus HF,Ambulance service,"Service, technical  and/or operating procedures",Contracted man-years adjusted for long term leaves per 1 000 inhabitants,2008,NA
Sunnaas sykehus HF,Ambulance service,"Service, technical  and/or operating procedures",Contracted man-years adjusted for long term leaves per 1 000 inhabitants,2020,NA
Sunnaas sykehus HF,Ambulance service,"Service, technical  and/or operating procedures",Contracted man-years adjusted for long term leaves per 1 000 inhabitants,2021,NA
Sunnaas sykehus HF,Ambulance service,"Service, technical  and/or operating procedures",Employed persons per 1 000 inhabitants,2008,NA
Sunnaas sykehus HF,Ambulance service,"Service, technical  and/or operating procedures",Employed persons per 1 000 inhabitants,2020,NA
Sunnaas sykehus HF,Ambulance service,"Service, technical  and/or operating procedures",Employed persons per 1 000 inhabitants,2021,NA
Sunnaas sykehus HF,Ambulance service,Other occupations,Contracted man-years unadjusted for long term leaves,2008,NA
Sunnaas sykehus HF,Ambulance service,Other occupations,Contracted man-years unadjusted for long term leaves,2020,NA
Sunnaas sykehus HF,Ambulance service,Other occupations,Contracted man-years unadjusted for long term leaves,2021,NA
Sunnaas sykehus HF,Ambulance service,Other occupations,Contracted man-years adjusted for long term leaves per 1 000 inhabitants,2008,NA
Sunnaas sykehus HF,Ambulance service,Other occupations,Contracted man-years adjusted for long term leaves per 1 000 inhabitants,2020,NA
Sunnaas sykehus HF,Ambulance service,Other occupations,Contracted man-years adjusted for long term leaves per 1 000 inhabitants,2021,NA
Sunnaas sykehus HF,Ambulance service,Other occupations,Employed persons per 1 000 inhabitants,2008,NA
Sunnaas sykehus HF,Ambulance service,Other occupations,Employed persons per 1 000 inhabitants,2020,NA
Sunnaas sykehus HF,Ambulance service,Other occupations,Employed persons per 1 000 inhabitants,2021,NA
Sunnaas sykehus HF,Shared services,"Man years, total",Contracted man-years unadjusted for long term leaves,2008,NA
Sunnaas sykehus HF,Shared services,"Man years, total",Contracted man-years unadjusted for long term leaves,2020,NA
Sunnaas sykehus HF,Shared services,"Man years, total",Contracted man-years unadjusted for long term leaves,2021,NA
Sunnaas sykehus HF,Shared services,"Man years, total",Contracted man-years adjusted for long term leaves per 1 000 inhabitants,2008,NA
Sunnaas sykehus HF,Shared services,"Man years, total",Contracted man-years adjusted for long term leaves per 1 000 inhabitants,2020,NA
Sunnaas sykehus HF,Shared services,"Man years, total",Contracted man-years adjusted for long term leaves per 1 000 inhabitants,2021,NA
Sunnaas sykehus HF,Shared services,"Man years, total",Employed persons per 1 000 inhabitants,2008,NA
Sunnaas sykehus HF,Shared services,"Man years, total",Employed persons per 1 000 inhabitants,2020,NA
Sunnaas sykehus HF,Shared services,"Man years, total",Employed persons per 1 000 inhabitants,2021,NA
Sunnaas sykehus HF,Shared services,"Service, technical  and/or operating procedures",Contracted man-years unadjusted for long term leaves,2008,NA
Sunnaas sykehus HF,Shared services,"Service, technical  and/or operating procedures",Contracted man-years unadjusted for long term leaves,2020,NA
Sunnaas sykehus HF,Shared services,"Service, technical  and/or operating procedures",Contracted man-years unadjusted for long term leaves,2021,NA
Sunnaas sykehus HF,Shared services,"Service, technical  and/or operating procedures",Contracted man-years adjusted for long term leaves per 1 000 inhabitants,2008,NA
Sunnaas sykehus HF,Shared services,"Service, technical  and/or operating procedures",Contracted man-years adjusted for long term leaves per 1 000 inhabitants,2020,NA
Sunnaas sykehus HF,Shared services,"Service, technical  and/or operating procedures",Contracted man-years adjusted for long term leaves per 1 000 inhabitants,2021,NA
Sunnaas sykehus HF,Shared services,"Service, technical  and/or operating procedures",Employed persons per 1 000 inhabitants,2008,NA
Sunnaas sykehus HF,Shared services,"Service, technical  and/or operating procedures",Employed persons per 1 000 inhabitants,2020,NA
Sunnaas sykehus HF,Shared services,"Service, technical  and/or operating procedures",Employed persons per 1 000 inhabitants,2021,NA
Sunnaas sykehus HF,Shared services,Other occupations,Contracted man-years unadjusted for long term leaves,2008,NA
Sunnaas sykehus HF,Shared services,Other occupations,Contracted man-years unadjusted for long term leaves,2020,NA
Sunnaas sykehus HF,Shared services,Other occupations,Contracted man-years unadjusted for long term leaves,2021,NA
Sunnaas sykehus HF,Shared services,Other occupations,Contracted man-years adjusted for long term leaves per 1 000 inhabitants,2008,NA
Sunnaas sykehus HF,Shared services,Other occupations,Contracted man-years adjusted for long term leaves per 1 000 inhabitants,2020,NA
Sunnaas sykehus HF,Shared services,Other occupations,Contracted man-years adjusted for long term leaves per 1 000 inhabitants,2021,NA
Sunnaas sykehus HF,Shared services,Other occupations,Employed persons per 1 000 inhabitants,2008,NA
Sunnaas sykehus HF,Shared services,Other occupations,Employed persons per 1 000 inhabitants,2020,NA
Sunnaas sykehus HF,Shared services,Other occupations,Employed persons per 1 000 inhabitants,2021,NA
Akershus universitetssykehus HF,Total,"Man years, total",Contracted man-years unadjusted for long term leaves,2008,NA
Akershus universitetssykehus HF,Total,"Man years, total",Contracted man-years unadjusted for long term leaves,2020,NA
Akershus universitetssykehus HF,Total,"Man years, total",Contracted man-years unadjusted for long term leaves,2021,NA
Akershus universitetssykehus HF,Total,"Man years, total",Contracted man-years adjusted for long term leaves per 1 000 inhabitants,2008,NA
Akershus universitetssykehus HF,Total,"Man years, total",Contracted man-years adjusted for long term leaves per 1 000 inhabitants,2020,NA
Akershus universitetssykehus HF,Total,"Man years, total",Contracted man-years adjusted for long term leaves per 1 000 inhabitants,2021,NA
Akershus universitetssykehus HF,Total,"Man years, total",Employed persons per 1 000 inhabitants,2008,NA
Akershus universitetssykehus HF,Total,"Man years, total",Employed persons per 1 000 inhabitants,2020,NA
Akershus universitetssykehus HF,Total,"Man years, total",Employed persons per 1 000 inhabitants,2021,NA
Akershus universitetssykehus HF,Total,"Service, technical  and/or operating procedures",Contracted man-years unadjusted for long term leaves,2008,NA
Akershus universitetssykehus HF,Total,"Service, technical  and/or operating procedures",Contracted man-years unadjusted for long term leaves,2020,NA
Akershus universitetssykehus HF,Total,"Service, technical  and/or operating procedures",Contracted man-years unadjusted for long term leaves,2021,NA
Akershus universitetssykehus HF,Total,"Service, technical  and/or operating procedures",Contracted man-years adjusted for long term leaves per 1 000 inhabitants,2008,NA
Akershus universitetssykehus HF,Total,"Service, technical  and/or operating procedures",Contracted man-years adjusted for long term leaves per 1 000 inhabitants,2020,NA
Akershus universitetssykehus HF,Total,"Service, technical  and/or operating procedures",Contracted man-years adjusted for long term leaves per 1 000 inhabitants,2021,NA
Akershus universitetssykehus HF,Total,"Service, technical  and/or operating procedures",Employed persons per 1 000 inhabitants,2008,NA
Akershus universitetssykehus HF,Total,"Service, technical  and/or operating procedures",Employed persons per 1 000 inhabitants,2020,NA
Akershus universitetssykehus HF,Total,"Service, technical  and/or operating procedures",Employed persons per 1 000 inhabitants,2021,NA
Akershus universitetssykehus HF,Total,Other occupations,Contracted man-years unadjusted for long term leaves,2008,NA
Akershus universitetssykehus HF,Total,Other occupations,Contracted man-years unadjusted for long term leaves,2020,NA
Akershus universitetssykehus HF,Total,Other occupations,Contracted man-years unadjusted for long term leaves,2021,NA
Akershus universitetssykehus HF,Total,Other occupations,Contracted man-years adjusted for long term leaves per 1 000 inhabitants,2008,NA
Akershus universitetssykehus HF,Total,Other occupations,Contracted man-years adjusted for long term leaves per 1 000 inhabitants,2020,NA
Akershus universitetssykehus HF,Total,Other occupations,Contracted man-years adjusted for long term leaves per 1 000 inhabitants,2021,NA
Akershus universitetssykehus HF,Total,Other occupations,Employed persons per 1 000 inhabitants,2008,NA
Akershus universitetssykehus HF,Total,Other occupations,Employed persons per 1 000 inhabitants,2020,NA
Akershus universitetssykehus HF,Total,Other occupations,Employed persons per 1 000 inhabitants,2021,NA
Akershus universitetssykehus HF,Ambulance service,"Man years, total",Contracted man-years unadjusted for long term leaves,2008,NA
Akershus universitetssykehus HF,Ambulance service,"Man years, total",Contracted man-years unadjusted for long term leaves,2020,NA
Akershus universitetssykehus HF,Ambulance service,"Man years, total",Contracted man-years unadjusted for long term leaves,2021,NA
Akershus universitetssykehus HF,Ambulance service,"Man years, total",Contracted man-years adjusted for long term leaves per 1 000 inhabitants,2008,NA
Akershus universitetssykehus HF,Ambulance service,"Man years, total",Contracted man-years adjusted for long term leaves per 1 000 inhabitants,2020,NA
Akershus universitetssykehus HF,Ambulance service,"Man years, total",Contracted man-years adjusted for long term leaves per 1 000 inhabitants,2021,NA
Akershus universitetssykehus HF,Ambulance service,"Man years, total",Employed persons per 1 000 inhabitants,2008,NA
Akershus universitetssykehus HF,Ambulance service,"Man years, total",Employed persons per 1 000 inhabitants,2020,NA
Akershus universitetssykehus HF,Ambulance service,"Man years, total",Employed persons per 1 000 inhabitants,2021,NA
Akershus universitetssykehus HF,Ambulance service,"Service, technical  and/or operating procedures",Contracted man-years unadjusted for long term leaves,2008,NA
Akershus universitetssykehus HF,Ambulance service,"Service, technical  and/or operating procedures",Contracted man-years unadjusted for long term leaves,2020,NA
Akershus universitetssykehus HF,Ambulance service,"Service, technical  and/or operating procedures",Contracted man-years unadjusted for long term leaves,2021,NA
Akershus universitetssykehus HF,Ambulance service,"Service, technical  and/or operating procedures",Contracted man-years adjusted for long term leaves per 1 000 inhabitants,2008,NA
Akershus universitetssykehus HF,Ambulance service,"Service, technical  and/or operating procedures",Contracted man-years adjusted for long term leaves per 1 000 inhabitants,2020,NA
Akershus universitetssykehus HF,Ambulance service,"Service, technical  and/or operating procedures",Contracted man-years adjusted for long term leaves per 1 000 inhabitants,2021,NA
Akershus universitetssykehus HF,Ambulance service,"Service, technical  and/or operating procedures",Employed persons per 1 000 inhabitants,2008,NA
Akershus universitetssykehus HF,Ambulance service,"Service, technical  and/or operating procedures",Employed persons per 1 000 inhabitants,2020,NA
Akershus universitetssykehus HF,Ambulance service,"Service, technical  and/or operating procedures",Employed persons per 1 000 inhabitants,2021,NA
Akershus universitetssykehus HF,Ambulance service,Other occupations,Contracted man-years unadjusted for long term leaves,2008,NA
Akershus universitetssykehus HF,Ambulance service,Other occupations,Contracted man-years unadjusted for long term leaves,2020,NA
Akershus universitetssykehus HF,Ambulance service,Other occupations,Contracted man-years unadjusted for long term leaves,2021,NA
Akershus universitetssykehus HF,Ambulance service,Other occupations,Contracted man-years adjusted for long term leaves per 1 000 inhabitants,2008,NA
Akershus universitetssykehus HF,Ambulance service,Other occupations,Contracted man-years adjusted for long term leaves per 1 000 inhabitants,2020,NA
Akershus universitetssykehus HF,Ambulance service,Other occupations,Contracted man-years adjusted for long term leaves per 1 000 inhabitants,2021,NA
Akershus universitetssykehus HF,Ambulance service,Other occupations,Employed persons per 1 000 inhabitants,2008,NA
Akershus universitetssykehus HF,Ambulance service,Other occupations,Employed persons per 1 000 inhabitants,2020,NA
Akershus universitetssykehus HF,Ambulance service,Other occupations,Employed persons per 1 000 inhabitants,2021,NA
Akershus universitetssykehus HF,Shared services,"Man years, total",Contracted man-years unadjusted for long term leaves,2008,NA
Akershus universitetssykehus HF,Shared services,"Man years, total",Contracted man-years unadjusted for long term leaves,2020,NA
Akershus universitetssykehus HF,Shared services,"Man years, total",Contracted man-years unadjusted for long term leaves,2021,NA
Akershus universitetssykehus HF,Shared services,"Man years, total",Contracted man-years adjusted for long term leaves per 1 000 inhabitants,2008,NA
Akershus universitetssykehus HF,Shared services,"Man years, total",Contracted man-years adjusted for long term leaves per 1 000 inhabitants,2020,NA
Akershus universitetssykehus HF,Shared services,"Man years, total",Contracted man-years adjusted for long term leaves per 1 000 inhabitants,2021,NA
Akershus universitetssykehus HF,Shared services,"Man years, total",Employed persons per 1 000 inhabitants,2008,NA
Akershus universitetssykehus HF,Shared services,"Man years, total",Employed persons per 1 000 inhabitants,2020,NA
Akershus universitetssykehus HF,Shared services,"Man years, total",Employed persons per 1 000 inhabitants,2021,NA
Akershus universitetssykehus HF,Shared services,"Service, technical  and/or operating procedures",Contracted man-years unadjusted for long term leaves,2008,NA
Akershus universitetssykehus HF,Shared services,"Service, technical  and/or operating procedures",Contracted man-years unadjusted for long term leaves,2020,NA
Akershus universitetssykehus HF,Shared services,"Service, technical  and/or operating procedures",Contracted man-years unadjusted for long term leaves,2021,NA
Akershus universitetssykehus HF,Shared services,"Service, technical  and/or operating procedures",Contracted man-years adjusted for long term leaves per 1 000 inhabitants,2008,NA
Akershus universitetssykehus HF,Shared services,"Service, technical  and/or operating procedures",Contracted man-years adjusted for long term leaves per 1 000 inhabitants,2020,NA
Akershus universitetssykehus HF,Shared services,"Service, technical  and/or operating procedures",Contracted man-years adjusted for long term leaves per 1 000 inhabitants,2021,NA
Akershus universitetssykehus HF,Shared services,"Service, technical  and/or operating procedures",Employed persons per 1 000 inhabitants,2008,NA
Akershus universitetssykehus HF,Shared services,"Service, technical  and/or operating procedures",Employed persons per 1 000 inhabitants,2020,NA
Akershus universitetssykehus HF,Shared services,"Service, technical  and/or operating procedures",Employed persons per 1 000 inhabitants,2021,NA
Akershus universitetssykehus HF,Shared services,Other occupations,Contracted man-years unadjusted for long term leaves,2008,NA
Akershus universitetssykehus HF,Shared services,Other occupations,Contracted man-years unadjusted for long term leaves,2020,NA
Akershus universitetssykehus HF,Shared services,Other occupations,Contracted man-years unadjusted for long term leaves,2021,NA
Akershus universitetssykehus HF,Shared services,Other occupations,Contracted man-years adjusted for long term leaves per 1 000 inhabitants,2008,NA
Akershus universitetssykehus HF,Shared services,Other occupations,Contracted man-years adjusted for long term leaves per 1 000 inhabitants,2020,NA
Akershus universitetssykehus HF,Shared services,Other occupations,Contracted man-years adjusted for long term leaves per 1 000 inhabitants,2021,NA
Akershus universitetssykehus HF,Shared services,Other occupations,Employed persons per 1 000 inhabitants,2008,NA
Akershus universitetssykehus HF,Shared services,Other occupations,Employed persons per 1 000 inhabitants,2020,NA
Akershus universitetssykehus HF,Shared services,Other occupations,Employed persons per 1 000 inhabitants,2021,NA
Sykehuset i Vestfold HF,Total,"Man years, total",Contracted man-years unadjusted for long term leaves,2008,NA
Sykehuset i Vestfold HF,Total,"Man years, total",Contracted man-years unadjusted for long term leaves,2020,NA
Sykehuset i Vestfold HF,Total,"Man years, total",Contracted man-years unadjusted for long term leaves,2021,NA
Sykehuset i Vestfold HF,Total,"Man years, total",Contracted man-years adjusted for long term leaves per 1 000 inhabitants,2008,NA
Sykehuset i Vestfold HF,Total,"Man years, total",Contracted man-years adjusted for long term leaves per 1 000 inhabitants,2020,NA
Sykehuset i Vestfold HF,Total,"Man years, total",Contracted man-years adjusted for long term leaves per 1 000 inhabitants,2021,NA
Sykehuset i Vestfold HF,Total,"Man years, total",Employed persons per 1 000 inhabitants,2008,NA
Sykehuset i Vestfold HF,Total,"Man years, total",Employed persons per 1 000 inhabitants,2020,NA
Sykehuset i Vestfold HF,Total,"Man years, total",Employed persons per 1 000 inhabitants,2021,NA
Sykehuset i Vestfold HF,Total,"Service, technical  and/or operating procedures",Contracted man-years unadjusted for long term leaves,2008,NA
Sykehuset i Vestfold HF,Total,"Service, technical  and/or operating procedures",Contracted man-years unadjusted for long term leaves,2020,NA
Sykehuset i Vestfold HF,Total,"Service, technical  and/or operating procedures",Contracted man-years unadjusted for long term leaves,2021,NA
Sykehuset i Vestfold HF,Total,"Service, technical  and/or operating procedures",Contracted man-years adjusted for long term leaves per 1 000 inhabitants,2008,NA
Sykehuset i Vestfold HF,Total,"Service, technical  and/or operating procedures",Contracted man-years adjusted for long term leaves per 1 000 inhabitants,2020,NA
Sykehuset i Vestfold HF,Total,"Service, technical  and/or operating procedures",Contracted man-years adjusted for long term leaves per 1 000 inhabitants,2021,NA
Sykehuset i Vestfold HF,Total,"Service, technical  and/or operating procedures",Employed persons per 1 000 inhabitants,2008,NA
Sykehuset i Vestfold HF,Total,"Service, technical  and/or operating procedures",Employed persons per 1 000 inhabitants,2020,NA
Sykehuset i Vestfold HF,Total,"Service, technical  and/or operating procedures",Employed persons per 1 000 inhabitants,2021,NA
Sykehuset i Vestfold HF,Total,Other occupations,Contracted man-years unadjusted for long term leaves,2008,NA
Sykehuset i Vestfold HF,Total,Other occupations,Contracted man-years unadjusted for long term leaves,2020,NA
Sykehuset i Vestfold HF,Total,Other occupations,Contracted man-years unadjusted for long term leaves,2021,NA
Sykehuset i Vestfold HF,Total,Other occupations,Contracted man-years adjusted for long term leaves per 1 000 inhabitants,2008,NA
Sykehuset i Vestfold HF,Total,Other occupations,Contracted man-years adjusted for long term leaves per 1 000 inhabitants,2020,NA
Sykehuset i Vestfold HF,Total,Other occupations,Contracted man-years adjusted for long term leaves per 1 000 inhabitants,2021,NA
Sykehuset i Vestfold HF,Total,Other occupations,Employed persons per 1 000 inhabitants,2008,NA
Sykehuset i Vestfold HF,Total,Other occupations,Employed persons per 1 000 inhabitants,2020,NA
Sykehuset i Vestfold HF,Total,Other occupations,Employed persons per 1 000 inhabitants,2021,NA
Sykehuset i Vestfold HF,Ambulance service,"Man years, total",Contracted man-years unadjusted for long term leaves,2008,NA
Sykehuset i Vestfold HF,Ambulance service,"Man years, total",Contracted man-years unadjusted for long term leaves,2020,NA
Sykehuset i Vestfold HF,Ambulance service,"Man years, total",Contracted man-years unadjusted for long term leaves,2021,NA
Sykehuset i Vestfold HF,Ambulance service,"Man years, total",Contracted man-years adjusted for long term leaves per 1 000 inhabitants,2008,NA
Sykehuset i Vestfold HF,Ambulance service,"Man years, total",Contracted man-years adjusted for long term leaves per 1 000 inhabitants,2020,NA
Sykehuset i Vestfold HF,Ambulance service,"Man years, total",Contracted man-years adjusted for long term leaves per 1 000 inhabitants,2021,NA
Sykehuset i Vestfold HF,Ambulance service,"Man years, total",Employed persons per 1 000 inhabitants,2008,NA
Sykehuset i Vestfold HF,Ambulance service,"Man years, total",Employed persons per 1 000 inhabitants,2020,NA
Sykehuset i Vestfold HF,Ambulance service,"Man years, total",Employed persons per 1 000 inhabitants,2021,NA
Sykehuset i Vestfold HF,Ambulance service,"Service, technical  and/or operating procedures",Contracted man-years unadjusted for long term leaves,2008,NA
Sykehuset i Vestfold HF,Ambulance service,"Service, technical  and/or operating procedures",Contracted man-years unadjusted for long term leaves,2020,NA
Sykehuset i Vestfold HF,Ambulance service,"Service, technical  and/or operating procedures",Contracted man-years unadjusted for long term leaves,2021,NA
Sykehuset i Vestfold HF,Ambulance service,"Service, technical  and/or operating procedures",Contracted man-years adjusted for long term leaves per 1 000 inhabitants,2008,NA
Sykehuset i Vestfold HF,Ambulance service,"Service, technical  and/or operating procedures",Contracted man-years adjusted for long term leaves per 1 000 inhabitants,2020,NA
Sykehuset i Vestfold HF,Ambulance service,"Service, technical  and/or operating procedures",Contracted man-years adjusted for long term leaves per 1 000 inhabitants,2021,NA
Sykehuset i Vestfold HF,Ambulance service,"Service, technical  and/or operating procedures",Employed persons per 1 000 inhabitants,2008,NA
Sykehuset i Vestfold HF,Ambulance service,"Service, technical  and/or operating procedures",Employed persons per 1 000 inhabitants,2020,NA
Sykehuset i Vestfold HF,Ambulance service,"Service, technical  and/or operating procedures",Employed persons per 1 000 inhabitants,2021,NA
Sykehuset i Vestfold HF,Ambulance service,Other occupations,Contracted man-years unadjusted for long term leaves,2008,NA
Sykehuset i Vestfold HF,Ambulance service,Other occupations,Contracted man-years unadjusted for long term leaves,2020,NA
Sykehuset i Vestfold HF,Ambulance service,Other occupations,Contracted man-years unadjusted for long term leaves,2021,NA
Sykehuset i Vestfold HF,Ambulance service,Other occupations,Contracted man-years adjusted for long term leaves per 1 000 inhabitants,2008,NA
Sykehuset i Vestfold HF,Ambulance service,Other occupations,Contracted man-years adjusted for long term leaves per 1 000 inhabitants,2020,NA
Sykehuset i Vestfold HF,Ambulance service,Other occupations,Contracted man-years adjusted for long term leaves per 1 000 inhabitants,2021,NA
Sykehuset i Vestfold HF,Ambulance service,Other occupations,Employed persons per 1 000 inhabitants,2008,NA
Sykehuset i Vestfold HF,Ambulance service,Other occupations,Employed persons per 1 000 inhabitants,2020,NA
Sykehuset i Vestfold HF,Ambulance service,Other occupations,Employed persons per 1 000 inhabitants,2021,NA
Sykehuset i Vestfold HF,Shared services,"Man years, total",Contracted man-years unadjusted for long term leaves,2008,NA
Sykehuset i Vestfold HF,Shared services,"Man years, total",Contracted man-years unadjusted for long term leaves,2020,NA
Sykehuset i Vestfold HF,Shared services,"Man years, total",Contracted man-years unadjusted for long term leaves,2021,NA
Sykehuset i Vestfold HF,Shared services,"Man years, total",Contracted man-years adjusted for long term leaves per 1 000 inhabitants,2008,NA
Sykehuset i Vestfold HF,Shared services,"Man years, total",Contracted man-years adjusted for long term leaves per 1 000 inhabitants,2020,NA
Sykehuset i Vestfold HF,Shared services,"Man years, total",Contracted man-years adjusted for long term leaves per 1 000 inhabitants,2021,NA
Sykehuset i Vestfold HF,Shared services,"Man years, total",Employed persons per 1 000 inhabitants,2008,NA
Sykehuset i Vestfold HF,Shared services,"Man years, total",Employed persons per 1 000 inhabitants,2020,NA
Sykehuset i Vestfold HF,Shared services,"Man years, total",Employed persons per 1 000 inhabitants,2021,NA
Sykehuset i Vestfold HF,Shared services,"Service, technical  and/or operating procedures",Contracted man-years unadjusted for long term leaves,2008,NA
Sykehuset i Vestfold HF,Shared services,"Service, technical  and/or operating procedures",Contracted man-years unadjusted for long term leaves,2020,NA
Sykehuset i Vestfold HF,Shared services,"Service, technical  and/or operating procedures",Contracted man-years unadjusted for long term leaves,2021,NA
Sykehuset i Vestfold HF,Shared services,"Service, technical  and/or operating procedures",Contracted man-years adjusted for long term leaves per 1 000 inhabitants,2008,NA
Sykehuset i Vestfold HF,Shared services,"Service, technical  and/or operating procedures",Contracted man-years adjusted for long term leaves per 1 000 inhabitants,2020,NA
Sykehuset i Vestfold HF,Shared services,"Service, technical  and/or operating procedures",Contracted man-years adjusted for long term leaves per 1 000 inhabitants,2021,NA
Sykehuset i Vestfold HF,Shared services,"Service, technical  and/or operating procedures",Employed persons per 1 000 inhabitants,2008,NA
Sykehuset i Vestfold HF,Shared services,"Service, technical  and/or operating procedures",Employed persons per 1 000 inhabitants,2020,NA
Sykehuset i Vestfold HF,Shared services,"Service, technical  and/or operating procedures",Employed persons per 1 000 inhabitants,2021,NA
Sykehuset i Vestfold HF,Shared services,Other occupations,Contracted man-years unadjusted for long term leaves,2008,NA
Sykehuset i Vestfold HF,Shared services,Other occupations,Contracted man-years unadjusted for long term leaves,2020,NA
Sykehuset i Vestfold HF,Shared services,Other occupations,Contracted man-years unadjusted for long term leaves,2021,NA
Sykehuset i Vestfold HF,Shared services,Other occupations,Contracted man-years adjusted for long term leaves per 1 000 inhabitants,2008,NA
Sykehuset i Vestfold HF,Shared services,Other occupations,Contracted man-years adjusted for long term leaves per 1 000 inhabitants,2020,NA
Sykehuset i Vestfold HF,Shared services,Other occupations,Contracted man-years adjusted for long term leaves per 1 000 inhabitants,2021,NA
Sykehuset i Vestfold HF,Shared services,Other occupations,Employed persons per 1 000 inhabitants,2008,NA
Sykehuset i Vestfold HF,Shared services,Other occupations,Employed persons per 1 000 inhabitants,2020,NA
Sykehuset i Vestfold HF,Shared services,Other occupations,Employed persons per 1 000 inhabitants,2021,NA
Sykehuset Østfold HF,Total,"Man years, total",Contracted man-years unadjusted for long term leaves,2008,NA
Sykehuset Østfold HF,Total,"Man years, total",Contracted man-years unadjusted for long term leaves,2020,NA
Sykehuset Østfold HF,Total,"Man years, total",Contracted man-years unadjusted for long term leaves,2021,NA
Sykehuset Østfold HF,Total,"Man years, total",Contracted man-years adjusted for long term leaves per 1 000 inhabitants,2008,NA
Sykehuset Østfold HF,Total,"Man years, total",Contracted man-years adjusted for long term leaves per 1 000 inhabitants,2020,NA
Sykehuset Østfold HF,Total,"Man years, total",Contracted man-years adjusted for long term leaves per 1 000 inhabitants,2021,NA
Sykehuset Østfold HF,Total,"Man years, total",Employed persons per 1 000 inhabitants,2008,NA
Sykehuset Østfold HF,Total,"Man years, total",Employed persons per 1 000 inhabitants,2020,NA
Sykehuset Østfold HF,Total,"Man years, total",Employed persons per 1 000 inhabitants,2021,NA
Sykehuset Østfold HF,Total,"Service, technical  and/or operating procedures",Contracted man-years unadjusted for long term leaves,2008,NA
Sykehuset Østfold HF,Total,"Service, technical  and/or operating procedures",Contracted man-years unadjusted for long term leaves,2020,NA
Sykehuset Østfold HF,Total,"Service, technical  and/or operating procedures",Contracted man-years unadjusted for long term leaves,2021,NA
Sykehuset Østfold HF,Total,"Service, technical  and/or operating procedures",Contracted man-years adjusted for long term leaves per 1 000 inhabitants,2008,NA
Sykehuset Østfold HF,Total,"Service, technical  and/or operating procedures",Contracted man-years adjusted for long term leaves per 1 000 inhabitants,2020,NA
Sykehuset Østfold HF,Total,"Service, technical  and/or operating procedures",Contracted man-years adjusted for long term leaves per 1 000 inhabitants,2021,NA
Sykehuset Østfold HF,Total,"Service, technical  and/or operating procedures",Employed persons per 1 000 inhabitants,2008,NA
Sykehuset Østfold HF,Total,"Service, technical  and/or operating procedures",Employed persons per 1 000 inhabitants,2020,NA
Sykehuset Østfold HF,Total,"Service, technical  and/or operating procedures",Employed persons per 1 000 inhabitants,2021,NA
Sykehuset Østfold HF,Total,Other occupations,Contracted man-years unadjusted for long term leaves,2008,NA
Sykehuset Østfold HF,Total,Other occupations,Contracted man-years unadjusted for long term leaves,2020,NA
Sykehuset Østfold HF,Total,Other occupations,Contracted man-years unadjusted for long term leaves,2021,NA
Sykehuset Østfold HF,Total,Other occupations,Contracted man-years adjusted for long term leaves per 1 000 inhabitants,2008,NA
Sykehuset Østfold HF,Total,Other occupations,Contracted man-years adjusted for long term leaves per 1 000 inhabitants,2020,NA
Sykehuset Østfold HF,Total,Other occupations,Contracted man-years adjusted for long term leaves per 1 000 inhabitants,2021,NA
Sykehuset Østfold HF,Total,Other occupations,Employed persons per 1 000 inhabitants,2008,NA
Sykehuset Østfold HF,Total,Other occupations,Employed persons per 1 000 inhabitants,2020,NA
Sykehuset Østfold HF,Total,Other occupations,Employed persons per 1 000 inhabitants,2021,NA
Sykehuset Østfold HF,Ambulance service,"Man years, total",Contracted man-years unadjusted for long term leaves,2008,NA
Sykehuset Østfold HF,Ambulance service,"Man years, total",Contracted man-years unadjusted for long term leaves,2020,NA
Sykehuset Østfold HF,Ambulance service,"Man years, total",Contracted man-years unadjusted for long term leaves,2021,NA
Sykehuset Østfold HF,Ambulance service,"Man years, total",Contracted man-years adjusted for long term leaves per 1 000 inhabitants,2008,NA
Sykehuset Østfold HF,Ambulance service,"Man years, total",Contracted man-years adjusted for long term leaves per 1 000 inhabitants,2020,NA
Sykehuset Østfold HF,Ambulance service,"Man years, total",Contracted man-years adjusted for long term leaves per 1 000 inhabitants,2021,NA
Sykehuset Østfold HF,Ambulance service,"Man years, total",Employed persons per 1 000 inhabitants,2008,NA
Sykehuset Østfold HF,Ambulance service,"Man years, total",Employed persons per 1 000 inhabitants,2020,NA
Sykehuset Østfold HF,Ambulance service,"Man years, total",Employed persons per 1 000 inhabitants,2021,NA
Sykehuset Østfold HF,Ambulance service,"Service, technical  and/or operating procedures",Contracted man-years unadjusted for long term leaves,2008,NA
Sykehuset Østfold HF,Ambulance service,"Service, technical  and/or operating procedures",Contracted man-years unadjusted for long term leaves,2020,NA
Sykehuset Østfold HF,Ambulance service,"Service, technical  and/or operating procedures",Contracted man-years unadjusted for long term leaves,2021,NA
Sykehuset Østfold HF,Ambulance service,"Service, technical  and/or operating procedures",Contracted man-years adjusted for long term leaves per 1 000 inhabitants,2008,NA
Sykehuset Østfold HF,Ambulance service,"Service, technical  and/or operating procedures",Contracted man-years adjusted for long term leaves per 1 000 inhabitants,2020,NA
Sykehuset Østfold HF,Ambulance service,"Service, technical  and/or operating procedures",Contracted man-years adjusted for long term leaves per 1 000 inhabitants,2021,NA
Sykehuset Østfold HF,Ambulance service,"Service, technical  and/or operating procedures",Employed persons per 1 000 inhabitants,2008,NA
Sykehuset Østfold HF,Ambulance service,"Service, technical  and/or operating procedures",Employed persons per 1 000 inhabitants,2020,NA
Sykehuset Østfold HF,Ambulance service,"Service, technical  and/or operating procedures",Employed persons per 1 000 inhabitants,2021,NA
Sykehuset Østfold HF,Ambulance service,Other occupations,Contracted man-years unadjusted for long term leaves,2008,NA
Sykehuset Østfold HF,Ambulance service,Other occupations,Contracted man-years unadjusted for long term leaves,2020,NA
Sykehuset Østfold HF,Ambulance service,Other occupations,Contracted man-years unadjusted for long term leaves,2021,NA
Sykehuset Østfold HF,Ambulance service,Other occupations,Contracted man-years adjusted for long term leaves per 1 000 inhabitants,2008,NA
Sykehuset Østfold HF,Ambulance service,Other occupations,Contracted man-years adjusted for long term leaves per 1 000 inhabitants,2020,NA
Sykehuset Østfold HF,Ambulance service,Other occupations,Contracted man-years adjusted for long term leaves per 1 000 inhabitants,2021,NA
Sykehuset Østfold HF,Ambulance service,Other occupations,Employed persons per 1 000 inhabitants,2008,NA
Sykehuset Østfold HF,Ambulance service,Other occupations,Employed persons per 1 000 inhabitants,2020,NA
Sykehuset Østfold HF,Ambulance service,Other occupations,Employed persons per 1 000 inhabitants,2021,NA
Sykehuset Østfold HF,Shared services,"Man years, total",Contracted man-years unadjusted for long term leaves,2008,NA
Sykehuset Østfold HF,Shared services,"Man years, total",Contracted man-years unadjusted for long term leaves,2020,NA
Sykehuset Østfold HF,Shared services,"Man years, total",Contracted man-years unadjusted for long term leaves,2021,NA
Sykehuset Østfold HF,Shared services,"Man years, total",Contracted man-years adjusted for long term leaves per 1 000 inhabitants,2008,NA
Sykehuset Østfold HF,Shared services,"Man years, total",Contracted man-years adjusted for long term leaves per 1 000 inhabitants,2020,NA
Sykehuset Østfold HF,Shared services,"Man years, total",Contracted man-years adjusted for long term leaves per 1 000 inhabitants,2021,NA
Sykehuset Østfold HF,Shared services,"Man years, total",Employed persons per 1 000 inhabitants,2008,NA
Sykehuset Østfold HF,Shared services,"Man years, total",Employed persons per 1 000 inhabitants,2020,NA
Sykehuset Østfold HF,Shared services,"Man years, total",Employed persons per 1 000 inhabitants,2021,NA
Sykehuset Østfold HF,Shared services,"Service, technical  and/or operating procedures",Contracted man-years unadjusted for long term leaves,2008,NA
Sykehuset Østfold HF,Shared services,"Service, technical  and/or operating procedures",Contracted man-years unadjusted for long term leaves,2020,NA
Sykehuset Østfold HF,Shared services,"Service, technical  and/or operating procedures",Contracted man-years unadjusted for long term leaves,2021,NA
Sykehuset Østfold HF,Shared services,"Service, technical  and/or operating procedures",Contracted man-years adjusted for long term leaves per 1 000 inhabitants,2008,NA
Sykehuset Østfold HF,Shared services,"Service, technical  and/or operating procedures",Contracted man-years adjusted for long term leaves per 1 000 inhabitants,2020,NA
Sykehuset Østfold HF,Shared services,"Service, technical  and/or operating procedures",Contracted man-years adjusted for long term leaves per 1 000 inhabitants,2021,NA
Sykehuset Østfold HF,Shared services,"Service, technical  and/or operating procedures",Employed persons per 1 000 inhabitants,2008,NA
Sykehuset Østfold HF,Shared services,"Service, technical  and/or operating procedures",Employed persons per 1 000 inhabitants,2020,NA
Sykehuset Østfold HF,Shared services,"Service, technical  and/or operating procedures",Employed persons per 1 000 inhabitants,2021,NA
Sykehuset Østfold HF,Shared services,Other occupations,Contracted man-years unadjusted for long term leaves,2008,NA
Sykehuset Østfold HF,Shared services,Other occupations,Contracted man-years unadjusted for long term leaves,2020,NA
Sykehuset Østfold HF,Shared services,Other occupations,Contracted man-years unadjusted for long term leaves,2021,NA
Sykehuset Østfold HF,Shared services,Other occupations,Contracted man-years adjusted for long term leaves per 1 000 inhabitants,2008,NA
Sykehuset Østfold HF,Shared services,Other occupations,Contracted man-years adjusted for long term leaves per 1 000 inhabitants,2020,NA
Sykehuset Østfold HF,Shared services,Other occupations,Contracted man-years adjusted for long term leaves per 1 000 inhabitants,2021,NA
Sykehuset Østfold HF,Shared services,Other occupations,Employed persons per 1 000 inhabitants,2008,NA
Sykehuset Østfold HF,Shared services,Other occupations,Employed persons per 1 000 inhabitants,2020,NA
Sykehuset Østfold HF,Shared services,Other occupations,Employed persons per 1 000 inhabitants,2021,NA
Rikshospitalet HF (2005-2008),Total,"Man years, total",Contracted man-years unadjusted for long term leaves,2008,NA
Rikshospitalet HF (2005-2008),Total,"Man years, total",Contracted man-years unadjusted for long term leaves,2020,NA
Rikshospitalet HF (2005-2008),Total,"Man years, total",Contracted man-years unadjusted for long term leaves,2021,NA
Rikshospitalet HF (2005-2008),Total,"Man years, total",Contracted man-years adjusted for long term leaves per 1 000 inhabitants,2008,NA
Rikshospitalet HF (2005-2008),Total,"Man years, total",Contracted man-years adjusted for long term leaves per 1 000 inhabitants,2020,NA
Rikshospitalet HF (2005-2008),Total,"Man years, total",Contracted man-years adjusted for long term leaves per 1 000 inhabitants,2021,NA
Rikshospitalet HF (2005-2008),Total,"Man years, total",Employed persons per 1 000 inhabitants,2008,NA
Rikshospitalet HF (2005-2008),Total,"Man years, total",Employed persons per 1 000 inhabitants,2020,NA
Rikshospitalet HF (2005-2008),Total,"Man years, total",Employed persons per 1 000 inhabitants,2021,NA
Rikshospitalet HF (2005-2008),Total,"Service, technical  and/or operating procedures",Contracted man-years unadjusted for long term leaves,2008,NA
Rikshospitalet HF (2005-2008),Total,"Service, technical  and/or operating procedures",Contracted man-years unadjusted for long term leaves,2020,NA
Rikshospitalet HF (2005-2008),Total,"Service, technical  and/or operating procedures",Contracted man-years unadjusted for long term leaves,2021,NA
Rikshospitalet HF (2005-2008),Total,"Service, technical  and/or operating procedures",Contracted man-years adjusted for long term leaves per 1 000 inhabitants,2008,NA
Rikshospitalet HF (2005-2008),Total,"Service, technical  and/or operating procedures",Contracted man-years adjusted for long term leaves per 1 000 inhabitants,2020,NA
Rikshospitalet HF (2005-2008),Total,"Service, technical  and/or operating procedures",Contracted man-years adjusted for long term leaves per 1 000 inhabitants,2021,NA
Rikshospitalet HF (2005-2008),Total,"Service, technical  and/or operating procedures",Employed persons per 1 000 inhabitants,2008,NA
Rikshospitalet HF (2005-2008),Total,"Service, technical  and/or operating procedures",Employed persons per 1 000 inhabitants,2020,NA
Rikshospitalet HF (2005-2008),Total,"Service, technical  and/or operating procedures",Employed persons per 1 000 inhabitants,2021,NA
Rikshospitalet HF (2005-2008),Total,Other occupations,Contracted man-years unadjusted for long term leaves,2008,NA
Rikshospitalet HF (2005-2008),Total,Other occupations,Contracted man-years unadjusted for long term leaves,2020,NA
Rikshospitalet HF (2005-2008),Total,Other occupations,Contracted man-years unadjusted for long term leaves,2021,NA
Rikshospitalet HF (2005-2008),Total,Other occupations,Contracted man-years adjusted for long term leaves per 1 000 inhabitants,2008,NA
Rikshospitalet HF (2005-2008),Total,Other occupations,Contracted man-years adjusted for long term leaves per 1 000 inhabitants,2020,NA
Rikshospitalet HF (2005-2008),Total,Other occupations,Contracted man-years adjusted for long term leaves per 1 000 inhabitants,2021,NA
Rikshospitalet HF (2005-2008),Total,Other occupations,Employed persons per 1 000 inhabitants,2008,NA
Rikshospitalet HF (2005-2008),Total,Other occupations,Employed persons per 1 000 inhabitants,2020,NA
Rikshospitalet HF (2005-2008),Total,Other occupations,Employed persons per 1 000 inhabitants,2021,NA
Rikshospitalet HF (2005-2008),Ambulance service,"Man years, total",Contracted man-years unadjusted for long term leaves,2008,NA
Rikshospitalet HF (2005-2008),Ambulance service,"Man years, total",Contracted man-years unadjusted for long term leaves,2020,NA
Rikshospitalet HF (2005-2008),Ambulance service,"Man years, total",Contracted man-years unadjusted for long term leaves,2021,NA
Rikshospitalet HF (2005-2008),Ambulance service,"Man years, total",Contracted man-years adjusted for long term leaves per 1 000 inhabitants,2008,NA
Rikshospitalet HF (2005-2008),Ambulance service,"Man years, total",Contracted man-years adjusted for long term leaves per 1 000 inhabitants,2020,NA
Rikshospitalet HF (2005-2008),Ambulance service,"Man years, total",Contracted man-years adjusted for long term leaves per 1 000 inhabitants,2021,NA
Rikshospitalet HF (2005-2008),Ambulance service,"Man years, total",Employed persons per 1 000 inhabitants,2008,NA
Rikshospitalet HF (2005-2008),Ambulance service,"Man years, total",Employed persons per 1 000 inhabitants,2020,NA
Rikshospitalet HF (2005-2008),Ambulance service,"Man years, total",Employed persons per 1 000 inhabitants,2021,NA
Rikshospitalet HF (2005-2008),Ambulance service,"Service, technical  and/or operating procedures",Contracted man-years unadjusted for long term leaves,2008,NA
Rikshospitalet HF (2005-2008),Ambulance service,"Service, technical  and/or operating procedures",Contracted man-years unadjusted for long term leaves,2020,NA
Rikshospitalet HF (2005-2008),Ambulance service,"Service, technical  and/or operating procedures",Contracted man-years unadjusted for long term leaves,2021,NA
Rikshospitalet HF (2005-2008),Ambulance service,"Service, technical  and/or operating procedures",Contracted man-years adjusted for long term leaves per 1 000 inhabitants,2008,NA
Rikshospitalet HF (2005-2008),Ambulance service,"Service, technical  and/or operating procedures",Contracted man-years adjusted for long term leaves per 1 000 inhabitants,2020,NA
Rikshospitalet HF (2005-2008),Ambulance service,"Service, technical  and/or operating procedures",Contracted man-years adjusted for long term leaves per 1 000 inhabitants,2021,NA
Rikshospitalet HF (2005-2008),Ambulance service,"Service, technical  and/or operating procedures",Employed persons per 1 000 inhabitants,2008,NA
Rikshospitalet HF (2005-2008),Ambulance service,"Service, technical  and/or operating procedures",Employed persons per 1 000 inhabitants,2020,NA
Rikshospitalet HF (2005-2008),Ambulance service,"Service, technical  and/or operating procedures",Employed persons per 1 000 inhabitants,2021,NA
Rikshospitalet HF (2005-2008),Ambulance service,Other occupations,Contracted man-years unadjusted for long term leaves,2008,NA
Rikshospitalet HF (2005-2008),Ambulance service,Other occupations,Contracted man-years unadjusted for long term leaves,2020,NA
Rikshospitalet HF (2005-2008),Ambulance service,Other occupations,Contracted man-years unadjusted for long term leaves,2021,NA
Rikshospitalet HF (2005-2008),Ambulance service,Other occupations,Contracted man-years adjusted for long term leaves per 1 000 inhabitants,2008,NA
Rikshospitalet HF (2005-2008),Ambulance service,Other occupations,Contracted man-years adjusted for long term leaves per 1 000 inhabitants,2020,NA
Rikshospitalet HF (2005-2008),Ambulance service,Other occupations,Contracted man-years adjusted for long term leaves per 1 000 inhabitants,2021,NA
Rikshospitalet HF (2005-2008),Ambulance service,Other occupations,Employed persons per 1 000 inhabitants,2008,NA
Rikshospitalet HF (2005-2008),Ambulance service,Other occupations,Employed persons per 1 000 inhabitants,2020,NA
Rikshospitalet HF (2005-2008),Ambulance service,Other occupations,Employed persons per 1 000 inhabitants,2021,NA
Rikshospitalet HF (2005-2008),Shared services,"Man years, total",Contracted man-years unadjusted for long term leaves,2008,NA
Rikshospitalet HF (2005-2008),Shared services,"Man years, total",Contracted man-years unadjusted for long term leaves,2020,NA
Rikshospitalet HF (2005-2008),Shared services,"Man years, total",Contracted man-years unadjusted for long term leaves,2021,NA
Rikshospitalet HF (2005-2008),Shared services,"Man years, total",Contracted man-years adjusted for long term leaves per 1 000 inhabitants,2008,NA
Rikshospitalet HF (2005-2008),Shared services,"Man years, total",Contracted man-years adjusted for long term leaves per 1 000 inhabitants,2020,NA
Rikshospitalet HF (2005-2008),Shared services,"Man years, total",Contracted man-years adjusted for long term leaves per 1 000 inhabitants,2021,NA
Rikshospitalet HF (2005-2008),Shared services,"Man years, total",Employed persons per 1 000 inhabitants,2008,NA
Rikshospitalet HF (2005-2008),Shared services,"Man years, total",Employed persons per 1 000 inhabitants,2020,NA
Rikshospitalet HF (2005-2008),Shared services,"Man years, total",Employed persons per 1 000 inhabitants,2021,NA
Rikshospitalet HF (2005-2008),Shared services,"Service, technical  and/or operating procedures",Contracted man-years unadjusted for long term leaves,2008,NA
Rikshospitalet HF (2005-2008),Shared services,"Service, technical  and/or operating procedures",Contracted man-years unadjusted for long term leaves,2020,NA
Rikshospitalet HF (2005-2008),Shared services,"Service, technical  and/or operating procedures",Contracted man-years unadjusted for long term leaves,2021,NA
Rikshospitalet HF (2005-2008),Shared services,"Service, technical  and/or operating procedures",Contracted man-years adjusted for long term leaves per 1 000 inhabitants,2008,NA
Rikshospitalet HF (2005-2008),Shared services,"Service, technical  and/or operating procedures",Contracted man-years adjusted for long term leaves per 1 000 inhabitants,2020,NA
Rikshospitalet HF (2005-2008),Shared services,"Service, technical  and/or operating procedures",Contracted man-years adjusted for long term leaves per 1 000 inhabitants,2021,NA
Rikshospitalet HF (2005-2008),Shared services,"Service, technical  and/or operating procedures",Employed persons per 1 000 inhabitants,2008,NA
Rikshospitalet HF (2005-2008),Shared services,"Service, technical  and/or operating procedures",Employed persons per 1 000 inhabitants,2020,NA
Rikshospitalet HF (2005-2008),Shared services,"Service, technical  and/or operating procedures",Employed persons per 1 000 inhabitants,2021,NA
Rikshospitalet HF (2005-2008),Shared services,Other occupations,Contracted man-years unadjusted for long term leaves,2008,NA
Rikshospitalet HF (2005-2008),Shared services,Other occupations,Contracted man-years unadjusted for long term leaves,2020,NA
Rikshospitalet HF (2005-2008),Shared services,Other occupations,Contracted man-years unadjusted for long term leaves,2021,NA
Rikshospitalet HF (2005-2008),Shared services,Other occupations,Contracted man-years adjusted for long term leaves per 1 000 inhabitants,2008,NA
Rikshospitalet HF (2005-2008),Shared services,Other occupations,Contracted man-years adjusted for long term leaves per 1 000 inhabitants,2020,NA
Rikshospitalet HF (2005-2008),Shared services,Other occupations,Contracted man-years adjusted for long term leaves per 1 000 inhabitants,2021,NA
Rikshospitalet HF (2005-2008),Shared services,Other occupations,Employed persons per 1 000 inhabitants,2008,NA
Rikshospitalet HF (2005-2008),Shared services,Other occupations,Employed persons per 1 000 inhabitants,2020,NA
Rikshospitalet HF (2005-2008),Shared services,Other occupations,Employed persons per 1 000 inhabitants,2021,NA
Blefjell sykehus HF (2002-2008),Total,"Man years, total",Contracted man-years unadjusted for long term leaves,2008,NA
Blefjell sykehus HF (2002-2008),Total,"Man years, total",Contracted man-years unadjusted for long term leaves,2020,NA
Blefjell sykehus HF (2002-2008),Total,"Man years, total",Contracted man-years unadjusted for long term leaves,2021,NA
Blefjell sykehus HF (2002-2008),Total,"Man years, total",Contracted man-years adjusted for long term leaves per 1 000 inhabitants,2008,NA
Blefjell sykehus HF (2002-2008),Total,"Man years, total",Contracted man-years adjusted for long term leaves per 1 000 inhabitants,2020,NA
Blefjell sykehus HF (2002-2008),Total,"Man years, total",Contracted man-years adjusted for long term leaves per 1 000 inhabitants,2021,NA
Blefjell sykehus HF (2002-2008),Total,"Man years, total",Employed persons per 1 000 inhabitants,2008,NA
Blefjell sykehus HF (2002-2008),Total,"Man years, total",Employed persons per 1 000 inhabitants,2020,NA
Blefjell sykehus HF (2002-2008),Total,"Man years, total",Employed persons per 1 000 inhabitants,2021,NA
Blefjell sykehus HF (2002-2008),Total,"Service, technical  and/or operating procedures",Contracted man-years unadjusted for long term leaves,2008,NA
Blefjell sykehus HF (2002-2008),Total,"Service, technical  and/or operating procedures",Contracted man-years unadjusted for long term leaves,2020,NA
Blefjell sykehus HF (2002-2008),Total,"Service, technical  and/or operating procedures",Contracted man-years unadjusted for long term leaves,2021,NA
Blefjell sykehus HF (2002-2008),Total,"Service, technical  and/or operating procedures",Contracted man-years adjusted for long term leaves per 1 000 inhabitants,2008,NA
Blefjell sykehus HF (2002-2008),Total,"Service, technical  and/or operating procedures",Contracted man-years adjusted for long term leaves per 1 000 inhabitants,2020,NA
Blefjell sykehus HF (2002-2008),Total,"Service, technical  and/or operating procedures",Contracted man-years adjusted for long term leaves per 1 000 inhabitants,2021,NA
Blefjell sykehus HF (2002-2008),Total,"Service, technical  and/or operating procedures",Employed persons per 1 000 inhabitants,2008,NA
Blefjell sykehus HF (2002-2008),Total,"Service, technical  and/or operating procedures",Employed persons per 1 000 inhabitants,2020,NA
Blefjell sykehus HF (2002-2008),Total,"Service, technical  and/or operating procedures",Employed persons per 1 000 inhabitants,2021,NA
Blefjell sykehus HF (2002-2008),Total,Other occupations,Contracted man-years unadjusted for long term leaves,2008,NA
Blefjell sykehus HF (2002-2008),Total,Other occupations,Contracted man-years unadjusted for long term leaves,2020,NA
Blefjell sykehus HF (2002-2008),Total,Other occupations,Contracted man-years unadjusted for long term leaves,2021,NA
Blefjell sykehus HF (2002-2008),Total,Other occupations,Contracted man-years adjusted for long term leaves per 1 000 inhabitants,2008,NA
Blefjell sykehus HF (2002-2008),Total,Other occupations,Contracted man-years adjusted for long term leaves per 1 000 inhabitants,2020,NA
Blefjell sykehus HF (2002-2008),Total,Other occupations,Contracted man-years adjusted for long term leaves per 1 000 inhabitants,2021,NA
Blefjell sykehus HF (2002-2008),Total,Other occupations,Employed persons per 1 000 inhabitants,2008,NA
Blefjell sykehus HF (2002-2008),Total,Other occupations,Employed persons per 1 000 inhabitants,2020,NA
Blefjell sykehus HF (2002-2008),Total,Other occupations,Employed persons per 1 000 inhabitants,2021,NA
Blefjell sykehus HF (2002-2008),Ambulance service,"Man years, total",Contracted man-years unadjusted for long term leaves,2008,NA
Blefjell sykehus HF (2002-2008),Ambulance service,"Man years, total",Contracted man-years unadjusted for long term leaves,2020,NA
Blefjell sykehus HF (2002-2008),Ambulance service,"Man years, total",Contracted man-years unadjusted for long term leaves,2021,NA
Blefjell sykehus HF (2002-2008),Ambulance service,"Man years, total",Contracted man-years adjusted for long term leaves per 1 000 inhabitants,2008,NA
Blefjell sykehus HF (2002-2008),Ambulance service,"Man years, total",Contracted man-years adjusted for long term leaves per 1 000 inhabitants,2020,NA
Blefjell sykehus HF (2002-2008),Ambulance service,"Man years, total",Contracted man-years adjusted for long term leaves per 1 000 inhabitants,2021,NA
Blefjell sykehus HF (2002-2008),Ambulance service,"Man years, total",Employed persons per 1 000 inhabitants,2008,NA
Blefjell sykehus HF (2002-2008),Ambulance service,"Man years, total",Employed persons per 1 000 inhabitants,2020,NA
Blefjell sykehus HF (2002-2008),Ambulance service,"Man years, total",Employed persons per 1 000 inhabitants,2021,NA
Blefjell sykehus HF (2002-2008),Ambulance service,"Service, technical  and/or operating procedures",Contracted man-years unadjusted for long term leaves,2008,NA
Blefjell sykehus HF (2002-2008),Ambulance service,"Service, technical  and/or operating procedures",Contracted man-years unadjusted for long term leaves,2020,NA
Blefjell sykehus HF (2002-2008),Ambulance service,"Service, technical  and/or operating procedures",Contracted man-years unadjusted for long term leaves,2021,NA
Blefjell sykehus HF (2002-2008),Ambulance service,"Service, technical  and/or operating procedures",Contracted man-years adjusted for long term leaves per 1 000 inhabitants,2008,NA
Blefjell sykehus HF (2002-2008),Ambulance service,"Service, technical  and/or operating procedures",Contracted man-years adjusted for long term leaves per 1 000 inhabitants,2020,NA
Blefjell sykehus HF (2002-2008),Ambulance service,"Service, technical  and/or operating procedures",Contracted man-years adjusted for long term leaves per 1 000 inhabitants,2021,NA
Blefjell sykehus HF (2002-2008),Ambulance service,"Service, technical  and/or operating procedures",Employed persons per 1 000 inhabitants,2008,NA
Blefjell sykehus HF (2002-2008),Ambulance service,"Service, technical  and/or operating procedures",Employed persons per 1 000 inhabitants,2020,NA
Blefjell sykehus HF (2002-2008),Ambulance service,"Service, technical  and/or operating procedures",Employed persons per 1 000 inhabitants,2021,NA
Blefjell sykehus HF (2002-2008),Ambulance service,Other occupations,Contracted man-years unadjusted for long term leaves,2008,NA
Blefjell sykehus HF (2002-2008),Ambulance service,Other occupations,Contracted man-years unadjusted for long term leaves,2020,NA
Blefjell sykehus HF (2002-2008),Ambulance service,Other occupations,Contracted man-years unadjusted for long term leaves,2021,NA
Blefjell sykehus HF (2002-2008),Ambulance service,Other occupations,Contracted man-years adjusted for long term leaves per 1 000 inhabitants,2008,NA
Blefjell sykehus HF (2002-2008),Ambulance service,Other occupations,Contracted man-years adjusted for long term leaves per 1 000 inhabitants,2020,NA
Blefjell sykehus HF (2002-2008),Ambulance service,Other occupations,Contracted man-years adjusted for long term leaves per 1 000 inhabitants,2021,NA
Blefjell sykehus HF (2002-2008),Ambulance service,Other occupations,Employed persons per 1 000 inhabitants,2008,NA
Blefjell sykehus HF (2002-2008),Ambulance service,Other occupations,Employed persons per 1 000 inhabitants,2020,NA
Blefjell sykehus HF (2002-2008),Ambulance service,Other occupations,Employed persons per 1 000 inhabitants,2021,NA
Blefjell sykehus HF (2002-2008),Shared services,"Man years, total",Contracted man-years unadjusted for long term leaves,2008,NA
Blefjell sykehus HF (2002-2008),Shared services,"Man years, total",Contracted man-years unadjusted for long term leaves,2020,NA
Blefjell sykehus HF (2002-2008),Shared services,"Man years, total",Contracted man-years unadjusted for long term leaves,2021,NA
Blefjell sykehus HF (2002-2008),Shared services,"Man years, total",Contracted man-years adjusted for long term leaves per 1 000 inhabitants,2008,NA
Blefjell sykehus HF (2002-2008),Shared services,"Man years, total",Contracted man-years adjusted for long term leaves per 1 000 inhabitants,2020,NA
Blefjell sykehus HF (2002-2008),Shared services,"Man years, total",Contracted man-years adjusted for long term leaves per 1 000 inhabitants,2021,NA
Blefjell sykehus HF (2002-2008),Shared services,"Man years, total",Employed persons per 1 000 inhabitants,2008,NA
Blefjell sykehus HF (2002-2008),Shared services,"Man years, total",Employed persons per 1 000 inhabitants,2020,NA
Blefjell sykehus HF (2002-2008),Shared services,"Man years, total",Employed persons per 1 000 inhabitants,2021,NA
Blefjell sykehus HF (2002-2008),Shared services,"Service, technical  and/or operating procedures",Contracted man-years unadjusted for long term leaves,2008,NA
Blefjell sykehus HF (2002-2008),Shared services,"Service, technical  and/or operating procedures",Contracted man-years unadjusted for long term leaves,2020,NA
Blefjell sykehus HF (2002-2008),Shared services,"Service, technical  and/or operating procedures",Contracted man-years unadjusted for long term leaves,2021,NA
Blefjell sykehus HF (2002-2008),Shared services,"Service, technical  and/or operating procedures",Contracted man-years adjusted for long term leaves per 1 000 inhabitants,2008,NA
Blefjell sykehus HF (2002-2008),Shared services,"Service, technical  and/or operating procedures",Contracted man-years adjusted for long term leaves per 1 000 inhabitants,2020,NA
Blefjell sykehus HF (2002-2008),Shared services,"Service, technical  and/or operating procedures",Contracted man-years adjusted for long term leaves per 1 000 inhabitants,2021,NA
Blefjell sykehus HF (2002-2008),Shared services,"Service, technical  and/or operating procedures",Employed persons per 1 000 inhabitants,2008,NA
Blefjell sykehus HF (2002-2008),Shared services,"Service, technical  and/or operating procedures",Employed persons per 1 000 inhabitants,2020,NA
Blefjell sykehus HF (2002-2008),Shared services,"Service, technical  and/or operating procedures",Employed persons per 1 000 inhabitants,2021,NA
Blefjell sykehus HF (2002-2008),Shared services,Other occupations,Contracted man-years unadjusted for long term leaves,2008,NA
Blefjell sykehus HF (2002-2008),Shared services,Other occupations,Contracted man-years unadjusted for long term leaves,2020,NA
Blefjell sykehus HF (2002-2008),Shared services,Other occupations,Contracted man-years unadjusted for long term leaves,2021,NA
Blefjell sykehus HF (2002-2008),Shared services,Other occupations,Contracted man-years adjusted for long term leaves per 1 000 inhabitants,2008,NA
Blefjell sykehus HF (2002-2008),Shared services,Other occupations,Contracted man-years adjusted for long term leaves per 1 000 inhabitants,2020,NA
Blefjell sykehus HF (2002-2008),Shared services,Other occupations,Contracted man-years adjusted for long term leaves per 1 000 inhabitants,2021,NA
Blefjell sykehus HF (2002-2008),Shared services,Other occupations,Employed persons per 1 000 inhabitants,2008,NA
Blefjell sykehus HF (2002-2008),Shared services,Other occupations,Employed persons per 1 000 inhabitants,2020,NA
Blefjell sykehus HF (2002-2008),Shared services,Other occupations,Employed persons per 1 000 inhabitants,2021,NA
Sykehuset Buskerud HF (2002-2008),Total,"Man years, total",Contracted man-years unadjusted for long term leaves,2008,NA
Sykehuset Buskerud HF (2002-2008),Total,"Man years, total",Contracted man-years unadjusted for long term leaves,2020,NA
Sykehuset Buskerud HF (2002-2008),Total,"Man years, total",Contracted man-years unadjusted for long term leaves,2021,NA
Sykehuset Buskerud HF (2002-2008),Total,"Man years, total",Contracted man-years adjusted for long term leaves per 1 000 inhabitants,2008,NA
Sykehuset Buskerud HF (2002-2008),Total,"Man years, total",Contracted man-years adjusted for long term leaves per 1 000 inhabitants,2020,NA
Sykehuset Buskerud HF (2002-2008),Total,"Man years, total",Contracted man-years adjusted for long term leaves per 1 000 inhabitants,2021,NA
Sykehuset Buskerud HF (2002-2008),Total,"Man years, total",Employed persons per 1 000 inhabitants,2008,NA
Sykehuset Buskerud HF (2002-2008),Total,"Man years, total",Employed persons per 1 000 inhabitants,2020,NA
Sykehuset Buskerud HF (2002-2008),Total,"Man years, total",Employed persons per 1 000 inhabitants,2021,NA
Sykehuset Buskerud HF (2002-2008),Total,"Service, technical  and/or operating procedures",Contracted man-years unadjusted for long term leaves,2008,NA
Sykehuset Buskerud HF (2002-2008),Total,"Service, technical  and/or operating procedures",Contracted man-years unadjusted for long term leaves,2020,NA
Sykehuset Buskerud HF (2002-2008),Total,"Service, technical  and/or operating procedures",Contracted man-years unadjusted for long term leaves,2021,NA
Sykehuset Buskerud HF (2002-2008),Total,"Service, technical  and/or operating procedures",Contracted man-years adjusted for long term leaves per 1 000 inhabitants,2008,NA
Sykehuset Buskerud HF (2002-2008),Total,"Service, technical  and/or operating procedures",Contracted man-years adjusted for long term leaves per 1 000 inhabitants,2020,NA
Sykehuset Buskerud HF (2002-2008),Total,"Service, technical  and/or operating procedures",Contracted man-years adjusted for long term leaves per 1 000 inhabitants,2021,NA
Sykehuset Buskerud HF (2002-2008),Total,"Service, technical  and/or operating procedures",Employed persons per 1 000 inhabitants,2008,NA
Sykehuset Buskerud HF (2002-2008),Total,"Service, technical  and/or operating procedures",Employed persons per 1 000 inhabitants,2020,NA
Sykehuset Buskerud HF (2002-2008),Total,"Service, technical  and/or operating procedures",Employed persons per 1 000 inhabitants,2021,NA
Sykehuset Buskerud HF (2002-2008),Total,Other occupations,Contracted man-years unadjusted for long term leaves,2008,NA
Sykehuset Buskerud HF (2002-2008),Total,Other occupations,Contracted man-years unadjusted for long term leaves,2020,NA
Sykehuset Buskerud HF (2002-2008),Total,Other occupations,Contracted man-years unadjusted for long term leaves,2021,NA
Sykehuset Buskerud HF (2002-2008),Total,Other occupations,Contracted man-years adjusted for long term leaves per 1 000 inhabitants,2008,NA
Sykehuset Buskerud HF (2002-2008),Total,Other occupations,Contracted man-years adjusted for long term leaves per 1 000 inhabitants,2020,NA
Sykehuset Buskerud HF (2002-2008),Total,Other occupations,Contracted man-years adjusted for long term leaves per 1 000 inhabitants,2021,NA
Sykehuset Buskerud HF (2002-2008),Total,Other occupations,Employed persons per 1 000 inhabitants,2008,NA
Sykehuset Buskerud HF (2002-2008),Total,Other occupations,Employed persons per 1 000 inhabitants,2020,NA
Sykehuset Buskerud HF (2002-2008),Total,Other occupations,Employed persons per 1 000 inhabitants,2021,NA
Sykehuset Buskerud HF (2002-2008),Ambulance service,"Man years, total",Contracted man-years unadjusted for long term leaves,2008,NA
Sykehuset Buskerud HF (2002-2008),Ambulance service,"Man years, total",Contracted man-years unadjusted for long term leaves,2020,NA
Sykehuset Buskerud HF (2002-2008),Ambulance service,"Man years, total",Contracted man-years unadjusted for long term leaves,2021,NA
Sykehuset Buskerud HF (2002-2008),Ambulance service,"Man years, total",Contracted man-years adjusted for long term leaves per 1 000 inhabitants,2008,NA
Sykehuset Buskerud HF (2002-2008),Ambulance service,"Man years, total",Contracted man-years adjusted for long term leaves per 1 000 inhabitants,2020,NA
Sykehuset Buskerud HF (2002-2008),Ambulance service,"Man years, total",Contracted man-years adjusted for long term leaves per 1 000 inhabitants,2021,NA
Sykehuset Buskerud HF (2002-2008),Ambulance service,"Man years, total",Employed persons per 1 000 inhabitants,2008,NA
Sykehuset Buskerud HF (2002-2008),Ambulance service,"Man years, total",Employed persons per 1 000 inhabitants,2020,NA
Sykehuset Buskerud HF (2002-2008),Ambulance service,"Man years, total",Employed persons per 1 000 inhabitants,2021,NA
Sykehuset Buskerud HF (2002-2008),Ambulance service,"Service, technical  and/or operating procedures",Contracted man-years unadjusted for long term leaves,2008,NA
Sykehuset Buskerud HF (2002-2008),Ambulance service,"Service, technical  and/or operating procedures",Contracted man-years unadjusted for long term leaves,2020,NA
Sykehuset Buskerud HF (2002-2008),Ambulance service,"Service, technical  and/or operating procedures",Contracted man-years unadjusted for long term leaves,2021,NA
Sykehuset Buskerud HF (2002-2008),Ambulance service,"Service, technical  and/or operating procedures",Contracted man-years adjusted for long term leaves per 1 000 inhabitants,2008,NA
Sykehuset Buskerud HF (2002-2008),Ambulance service,"Service, technical  and/or operating procedures",Contracted man-years adjusted for long term leaves per 1 000 inhabitants,2020,NA
Sykehuset Buskerud HF (2002-2008),Ambulance service,"Service, technical  and/or operating procedures",Contracted man-years adjusted for long term leaves per 1 000 inhabitants,2021,NA
Sykehuset Buskerud HF (2002-2008),Ambulance service,"Service, technical  and/or operating procedures",Employed persons per 1 000 inhabitants,2008,NA
Sykehuset Buskerud HF (2002-2008),Ambulance service,"Service, technical  and/or operating procedures",Employed persons per 1 000 inhabitants,2020,NA
Sykehuset Buskerud HF (2002-2008),Ambulance service,"Service, technical  and/or operating procedures",Employed persons per 1 000 inhabitants,2021,NA
Sykehuset Buskerud HF (2002-2008),Ambulance service,Other occupations,Contracted man-years unadjusted for long term leaves,2008,NA
Sykehuset Buskerud HF (2002-2008),Ambulance service,Other occupations,Contracted man-years unadjusted for long term leaves,2020,NA
Sykehuset Buskerud HF (2002-2008),Ambulance service,Other occupations,Contracted man-years unadjusted for long term leaves,2021,NA
Sykehuset Buskerud HF (2002-2008),Ambulance service,Other occupations,Contracted man-years adjusted for long term leaves per 1 000 inhabitants,2008,NA
Sykehuset Buskerud HF (2002-2008),Ambulance service,Other occupations,Contracted man-years adjusted for long term leaves per 1 000 inhabitants,2020,NA
Sykehuset Buskerud HF (2002-2008),Ambulance service,Other occupations,Contracted man-years adjusted for long term leaves per 1 000 inhabitants,2021,NA
Sykehuset Buskerud HF (2002-2008),Ambulance service,Other occupations,Employed persons per 1 000 inhabitants,2008,NA
Sykehuset Buskerud HF (2002-2008),Ambulance service,Other occupations,Employed persons per 1 000 inhabitants,2020,NA
Sykehuset Buskerud HF (2002-2008),Ambulance service,Other occupations,Employed persons per 1 000 inhabitants,2021,NA
Sykehuset Buskerud HF (2002-2008),Shared services,"Man years, total",Contracted man-years unadjusted for long term leaves,2008,NA
Sykehuset Buskerud HF (2002-2008),Shared services,"Man years, total",Contracted man-years unadjusted for long term leaves,2020,NA
Sykehuset Buskerud HF (2002-2008),Shared services,"Man years, total",Contracted man-years unadjusted for long term leaves,2021,NA
Sykehuset Buskerud HF (2002-2008),Shared services,"Man years, total",Contracted man-years adjusted for long term leaves per 1 000 inhabitants,2008,NA
Sykehuset Buskerud HF (2002-2008),Shared services,"Man years, total",Contracted man-years adjusted for long term leaves per 1 000 inhabitants,2020,NA
Sykehuset Buskerud HF (2002-2008),Shared services,"Man years, total",Contracted man-years adjusted for long term leaves per 1 000 inhabitants,2021,NA
Sykehuset Buskerud HF (2002-2008),Shared services,"Man years, total",Employed persons per 1 000 inhabitants,2008,NA
Sykehuset Buskerud HF (2002-2008),Shared services,"Man years, total",Employed persons per 1 000 inhabitants,2020,NA
Sykehuset Buskerud HF (2002-2008),Shared services,"Man years, total",Employed persons per 1 000 inhabitants,2021,NA
Sykehuset Buskerud HF (2002-2008),Shared services,"Service, technical  and/or operating procedures",Contracted man-years unadjusted for long term leaves,2008,NA
Sykehuset Buskerud HF (2002-2008),Shared services,"Service, technical  and/or operating procedures",Contracted man-years unadjusted for long term leaves,2020,NA
Sykehuset Buskerud HF (2002-2008),Shared services,"Service, technical  and/or operating procedures",Contracted man-years unadjusted for long term leaves,2021,NA
Sykehuset Buskerud HF (2002-2008),Shared services,"Service, technical  and/or operating procedures",Contracted man-years adjusted for long term leaves per 1 000 inhabitants,2008,NA
Sykehuset Buskerud HF (2002-2008),Shared services,"Service, technical  and/or operating procedures",Contracted man-years adjusted for long term leaves per 1 000 inhabitants,2020,NA
Sykehuset Buskerud HF (2002-2008),Shared services,"Service, technical  and/or operating procedures",Contracted man-years adjusted for long term leaves per 1 000 inhabitants,2021,NA
Sykehuset Buskerud HF (2002-2008),Shared services,"Service, technical  and/or operating procedures",Employed persons per 1 000 inhabitants,2008,NA
Sykehuset Buskerud HF (2002-2008),Shared services,"Service, technical  and/or operating procedures",Employed persons per 1 000 inhabitants,2020,NA
Sykehuset Buskerud HF (2002-2008),Shared services,"Service, technical  and/or operating procedures",Employed persons per 1 000 inhabitants,2021,NA
Sykehuset Buskerud HF (2002-2008),Shared services,Other occupations,Contracted man-years unadjusted for long term leaves,2008,NA
Sykehuset Buskerud HF (2002-2008),Shared services,Other occupations,Contracted man-years unadjusted for long term leaves,2020,NA
Sykehuset Buskerud HF (2002-2008),Shared services,Other occupations,Contracted man-years unadjusted for long term leaves,2021,NA
Sykehuset Buskerud HF (2002-2008),Shared services,Other occupations,Contracted man-years adjusted for long term leaves per 1 000 inhabitants,2008,NA
Sykehuset Buskerud HF (2002-2008),Shared services,Other occupations,Contracted man-years adjusted for long term leaves per 1 000 inhabitants,2020,NA
Sykehuset Buskerud HF (2002-2008),Shared services,Other occupations,Contracted man-years adjusted for long term leaves per 1 000 inhabitants,2021,NA
Sykehuset Buskerud HF (2002-2008),Shared services,Other occupations,Employed persons per 1 000 inhabitants,2008,NA
Sykehuset Buskerud HF (2002-2008),Shared services,Other occupations,Employed persons per 1 000 inhabitants,2020,NA
Sykehuset Buskerud HF (2002-2008),Shared services,Other occupations,Employed persons per 1 000 inhabitants,2021,NA
Aker universitetssykehus HF (2002-2008),Total,"Man years, total",Contracted man-years unadjusted for long term leaves,2008,NA
Aker universitetssykehus HF (2002-2008),Total,"Man years, total",Contracted man-years unadjusted for long term leaves,2020,NA
Aker universitetssykehus HF (2002-2008),Total,"Man years, total",Contracted man-years unadjusted for long term leaves,2021,NA
Aker universitetssykehus HF (2002-2008),Total,"Man years, total",Contracted man-years adjusted for long term leaves per 1 000 inhabitants,2008,NA
Aker universitetssykehus HF (2002-2008),Total,"Man years, total",Contracted man-years adjusted for long term leaves per 1 000 inhabitants,2020,NA
Aker universitetssykehus HF (2002-2008),Total,"Man years, total",Contracted man-years adjusted for long term leaves per 1 000 inhabitants,2021,NA
Aker universitetssykehus HF (2002-2008),Total,"Man years, total",Employed persons per 1 000 inhabitants,2008,NA
Aker universitetssykehus HF (2002-2008),Total,"Man years, total",Employed persons per 1 000 inhabitants,2020,NA
Aker universitetssykehus HF (2002-2008),Total,"Man years, total",Employed persons per 1 000 inhabitants,2021,NA
Aker universitetssykehus HF (2002-2008),Total,"Service, technical  and/or operating procedures",Contracted man-years unadjusted for long term leaves,2008,NA
Aker universitetssykehus HF (2002-2008),Total,"Service, technical  and/or operating procedures",Contracted man-years unadjusted for long term leaves,2020,NA
Aker universitetssykehus HF (2002-2008),Total,"Service, technical  and/or operating procedures",Contracted man-years unadjusted for long term leaves,2021,NA
Aker universitetssykehus HF (2002-2008),Total,"Service, technical  and/or operating procedures",Contracted man-years adjusted for long term leaves per 1 000 inhabitants,2008,NA
Aker universitetssykehus HF (2002-2008),Total,"Service, technical  and/or operating procedures",Contracted man-years adjusted for long term leaves per 1 000 inhabitants,2020,NA
Aker universitetssykehus HF (2002-2008),Total,"Service, technical  and/or operating procedures",Contracted man-years adjusted for long term leaves per 1 000 inhabitants,2021,NA
Aker universitetssykehus HF (2002-2008),Total,"Service, technical  and/or operating procedures",Employed persons per 1 000 inhabitants,2008,NA
Aker universitetssykehus HF (2002-2008),Total,"Service, technical  and/or operating procedures",Employed persons per 1 000 inhabitants,2020,NA
Aker universitetssykehus HF (2002-2008),Total,"Service, technical  and/or operating procedures",Employed persons per 1 000 inhabitants,2021,NA
Aker universitetssykehus HF (2002-2008),Total,Other occupations,Contracted man-years unadjusted for long term leaves,2008,NA
Aker universitetssykehus HF (2002-2008),Total,Other occupations,Contracted man-years unadjusted for long term leaves,2020,NA
Aker universitetssykehus HF (2002-2008),Total,Other occupations,Contracted man-years unadjusted for long term leaves,2021,NA
Aker universitetssykehus HF (2002-2008),Total,Other occupations,Contracted man-years adjusted for long term leaves per 1 000 inhabitants,2008,NA
Aker universitetssykehus HF (2002-2008),Total,Other occupations,Contracted man-years adjusted for long term leaves per 1 000 inhabitants,2020,NA
Aker universitetssykehus HF (2002-2008),Total,Other occupations,Contracted man-years adjusted for long term leaves per 1 000 inhabitants,2021,NA
Aker universitetssykehus HF (2002-2008),Total,Other occupations,Employed persons per 1 000 inhabitants,2008,NA
Aker universitetssykehus HF (2002-2008),Total,Other occupations,Employed persons per 1 000 inhabitants,2020,NA
Aker universitetssykehus HF (2002-2008),Total,Other occupations,Employed persons per 1 000 inhabitants,2021,NA
Aker universitetssykehus HF (2002-2008),Ambulance service,"Man years, total",Contracted man-years unadjusted for long term leaves,2008,NA
Aker universitetssykehus HF (2002-2008),Ambulance service,"Man years, total",Contracted man-years unadjusted for long term leaves,2020,NA
Aker universitetssykehus HF (2002-2008),Ambulance service,"Man years, total",Contracted man-years unadjusted for long term leaves,2021,NA
Aker universitetssykehus HF (2002-2008),Ambulance service,"Man years, total",Contracted man-years adjusted for long term leaves per 1 000 inhabitants,2008,NA
Aker universitetssykehus HF (2002-2008),Ambulance service,"Man years, total",Contracted man-years adjusted for long term leaves per 1 000 inhabitants,2020,NA
Aker universitetssykehus HF (2002-2008),Ambulance service,"Man years, total",Contracted man-years adjusted for long term leaves per 1 000 inhabitants,2021,NA
Aker universitetssykehus HF (2002-2008),Ambulance service,"Man years, total",Employed persons per 1 000 inhabitants,2008,NA
Aker universitetssykehus HF (2002-2008),Ambulance service,"Man years, total",Employed persons per 1 000 inhabitants,2020,NA
Aker universitetssykehus HF (2002-2008),Ambulance service,"Man years, total",Employed persons per 1 000 inhabitants,2021,NA
Aker universitetssykehus HF (2002-2008),Ambulance service,"Service, technical  and/or operating procedures",Contracted man-years unadjusted for long term leaves,2008,NA
Aker universitetssykehus HF (2002-2008),Ambulance service,"Service, technical  and/or operating procedures",Contracted man-years unadjusted for long term leaves,2020,NA
Aker universitetssykehus HF (2002-2008),Ambulance service,"Service, technical  and/or operating procedures",Contracted man-years unadjusted for long term leaves,2021,NA
Aker universitetssykehus HF (2002-2008),Ambulance service,"Service, technical  and/or operating procedures",Contracted man-years adjusted for long term leaves per 1 000 inhabitants,2008,NA
Aker universitetssykehus HF (2002-2008),Ambulance service,"Service, technical  and/or operating procedures",Contracted man-years adjusted for long term leaves per 1 000 inhabitants,2020,NA
Aker universitetssykehus HF (2002-2008),Ambulance service,"Service, technical  and/or operating procedures",Contracted man-years adjusted for long term leaves per 1 000 inhabitants,2021,NA
Aker universitetssykehus HF (2002-2008),Ambulance service,"Service, technical  and/or operating procedures",Employed persons per 1 000 inhabitants,2008,NA
Aker universitetssykehus HF (2002-2008),Ambulance service,"Service, technical  and/or operating procedures",Employed persons per 1 000 inhabitants,2020,NA
Aker universitetssykehus HF (2002-2008),Ambulance service,"Service, technical  and/or operating procedures",Employed persons per 1 000 inhabitants,2021,NA
Aker universitetssykehus HF (2002-2008),Ambulance service,Other occupations,Contracted man-years unadjusted for long term leaves,2008,NA
Aker universitetssykehus HF (2002-2008),Ambulance service,Other occupations,Contracted man-years unadjusted for long term leaves,2020,NA
Aker universitetssykehus HF (2002-2008),Ambulance service,Other occupations,Contracted man-years unadjusted for long term leaves,2021,NA
Aker universitetssykehus HF (2002-2008),Ambulance service,Other occupations,Contracted man-years adjusted for long term leaves per 1 000 inhabitants,2008,NA
Aker universitetssykehus HF (2002-2008),Ambulance service,Other occupations,Contracted man-years adjusted for long term leaves per 1 000 inhabitants,2020,NA
Aker universitetssykehus HF (2002-2008),Ambulance service,Other occupations,Contracted man-years adjusted for long term leaves per 1 000 inhabitants,2021,NA
Aker universitetssykehus HF (2002-2008),Ambulance service,Other occupations,Employed persons per 1 000 inhabitants,2008,NA
Aker universitetssykehus HF (2002-2008),Ambulance service,Other occupations,Employed persons per 1 000 inhabitants,2020,NA
Aker universitetssykehus HF (2002-2008),Ambulance service,Other occupations,Employed persons per 1 000 inhabitants,2021,NA
Aker universitetssykehus HF (2002-2008),Shared services,"Man years, total",Contracted man-years unadjusted for long term leaves,2008,NA
Aker universitetssykehus HF (2002-2008),Shared services,"Man years, total",Contracted man-years unadjusted for long term leaves,2020,NA
Aker universitetssykehus HF (2002-2008),Shared services,"Man years, total",Contracted man-years unadjusted for long term leaves,2021,NA
Aker universitetssykehus HF (2002-2008),Shared services,"Man years, total",Contracted man-years adjusted for long term leaves per 1 000 inhabitants,2008,NA
Aker universitetssykehus HF (2002-2008),Shared services,"Man years, total",Contracted man-years adjusted for long term leaves per 1 000 inhabitants,2020,NA
Aker universitetssykehus HF (2002-2008),Shared services,"Man years, total",Contracted man-years adjusted for long term leaves per 1 000 inhabitants,2021,NA
Aker universitetssykehus HF (2002-2008),Shared services,"Man years, total",Employed persons per 1 000 inhabitants,2008,NA
Aker universitetssykehus HF (2002-2008),Shared services,"Man years, total",Employed persons per 1 000 inhabitants,2020,NA
Aker universitetssykehus HF (2002-2008),Shared services,"Man years, total",Employed persons per 1 000 inhabitants,2021,NA
Aker universitetssykehus HF (2002-2008),Shared services,"Service, technical  and/or operating procedures",Contracted man-years unadjusted for long term leaves,2008,NA
Aker universitetssykehus HF (2002-2008),Shared services,"Service, technical  and/or operating procedures",Contracted man-years unadjusted for long term leaves,2020,NA
Aker universitetssykehus HF (2002-2008),Shared services,"Service, technical  and/or operating procedures",Contracted man-years unadjusted for long term leaves,2021,NA
Aker universitetssykehus HF (2002-2008),Shared services,"Service, technical  and/or operating procedures",Contracted man-years adjusted for long term leaves per 1 000 inhabitants,2008,NA
Aker universitetssykehus HF (2002-2008),Shared services,"Service, technical  and/or operating procedures",Contracted man-years adjusted for long term leaves per 1 000 inhabitants,2020,NA
Aker universitetssykehus HF (2002-2008),Shared services,"Service, technical  and/or operating procedures",Contracted man-years adjusted for long term leaves per 1 000 inhabitants,2021,NA
Aker universitetssykehus HF (2002-2008),Shared services,"Service, technical  and/or operating procedures",Employed persons per 1 000 inhabitants,2008,NA
Aker universitetssykehus HF (2002-2008),Shared services,"Service, technical  and/or operating procedures",Employed persons per 1 000 inhabitants,2020,NA
Aker universitetssykehus HF (2002-2008),Shared services,"Service, technical  and/or operating procedures",Employed persons per 1 000 inhabitants,2021,NA
Aker universitetssykehus HF (2002-2008),Shared services,Other occupations,Contracted man-years unadjusted for long term leaves,2008,NA
Aker universitetssykehus HF (2002-2008),Shared services,Other occupations,Contracted man-years unadjusted for long term leaves,2020,NA
Aker universitetssykehus HF (2002-2008),Shared services,Other occupations,Contracted man-years unadjusted for long term leaves,2021,NA
Aker universitetssykehus HF (2002-2008),Shared services,Other occupations,Contracted man-years adjusted for long term leaves per 1 000 inhabitants,2008,NA
Aker universitetssykehus HF (2002-2008),Shared services,Other occupations,Contracted man-years adjusted for long term leaves per 1 000 inhabitants,2020,NA
Aker universitetssykehus HF (2002-2008),Shared services,Other occupations,Contracted man-years adjusted for long term leaves per 1 000 inhabitants,2021,NA
Aker universitetssykehus HF (2002-2008),Shared services,Other occupations,Employed persons per 1 000 inhabitants,2008,NA
Aker universitetssykehus HF (2002-2008),Shared services,Other occupations,Employed persons per 1 000 inhabitants,2020,NA
Aker universitetssykehus HF (2002-2008),Shared services,Other occupations,Employed persons per 1 000 inhabitants,2021,NA
Sykehuset Asker og Bærum HF (2003-2008),Total,"Man years, total",Contracted man-years unadjusted for long term leaves,2008,NA
Sykehuset Asker og Bærum HF (2003-2008),Total,"Man years, total",Contracted man-years unadjusted for long term leaves,2020,NA
Sykehuset Asker og Bærum HF (2003-2008),Total,"Man years, total",Contracted man-years unadjusted for long term leaves,2021,NA
Sykehuset Asker og Bærum HF (2003-2008),Total,"Man years, total",Contracted man-years adjusted for long term leaves per 1 000 inhabitants,2008,NA
Sykehuset Asker og Bærum HF (2003-2008),Total,"Man years, total",Contracted man-years adjusted for long term leaves per 1 000 inhabitants,2020,NA
Sykehuset Asker og Bærum HF (2003-2008),Total,"Man years, total",Contracted man-years adjusted for long term leaves per 1 000 inhabitants,2021,NA
Sykehuset Asker og Bærum HF (2003-2008),Total,"Man years, total",Employed persons per 1 000 inhabitants,2008,NA
Sykehuset Asker og Bærum HF (2003-2008),Total,"Man years, total",Employed persons per 1 000 inhabitants,2020,NA
Sykehuset Asker og Bærum HF (2003-2008),Total,"Man years, total",Employed persons per 1 000 inhabitants,2021,NA
Sykehuset Asker og Bærum HF (2003-2008),Total,"Service, technical  and/or operating procedures",Contracted man-years unadjusted for long term leaves,2008,NA
Sykehuset Asker og Bærum HF (2003-2008),Total,"Service, technical  and/or operating procedures",Contracted man-years unadjusted for long term leaves,2020,NA
Sykehuset Asker og Bærum HF (2003-2008),Total,"Service, technical  and/or operating procedures",Contracted man-years unadjusted for long term leaves,2021,NA
Sykehuset Asker og Bærum HF (2003-2008),Total,"Service, technical  and/or operating procedures",Contracted man-years adjusted for long term leaves per 1 000 inhabitants,2008,NA
Sykehuset Asker og Bærum HF (2003-2008),Total,"Service, technical  and/or operating procedures",Contracted man-years adjusted for long term leaves per 1 000 inhabitants,2020,NA
Sykehuset Asker og Bærum HF (2003-2008),Total,"Service, technical  and/or operating procedures",Contracted man-years adjusted for long term leaves per 1 000 inhabitants,2021,NA
Sykehuset Asker og Bærum HF (2003-2008),Total,"Service, technical  and/or operating procedures",Employed persons per 1 000 inhabitants,2008,NA
Sykehuset Asker og Bærum HF (2003-2008),Total,"Service, technical  and/or operating procedures",Employed persons per 1 000 inhabitants,2020,NA
Sykehuset Asker og Bærum HF (2003-2008),Total,"Service, technical  and/or operating procedures",Employed persons per 1 000 inhabitants,2021,NA
Sykehuset Asker og Bærum HF (2003-2008),Total,Other occupations,Contracted man-years unadjusted for long term leaves,2008,NA
Sykehuset Asker og Bærum HF (2003-2008),Total,Other occupations,Contracted man-years unadjusted for long term leaves,2020,NA
Sykehuset Asker og Bærum HF (2003-2008),Total,Other occupations,Contracted man-years unadjusted for long term leaves,2021,NA
Sykehuset Asker og Bærum HF (2003-2008),Total,Other occupations,Contracted man-years adjusted for long term leaves per 1 000 inhabitants,2008,NA
Sykehuset Asker og Bærum HF (2003-2008),Total,Other occupations,Contracted man-years adjusted for long term leaves per 1 000 inhabitants,2020,NA
Sykehuset Asker og Bærum HF (2003-2008),Total,Other occupations,Contracted man-years adjusted for long term leaves per 1 000 inhabitants,2021,NA
Sykehuset Asker og Bærum HF (2003-2008),Total,Other occupations,Employed persons per 1 000 inhabitants,2008,NA
Sykehuset Asker og Bærum HF (2003-2008),Total,Other occupations,Employed persons per 1 000 inhabitants,2020,NA
Sykehuset Asker og Bærum HF (2003-2008),Total,Other occupations,Employed persons per 1 000 inhabitants,2021,NA
Sykehuset Asker og Bærum HF (2003-2008),Ambulance service,"Man years, total",Contracted man-years unadjusted for long term leaves,2008,NA
Sykehuset Asker og Bærum HF (2003-2008),Ambulance service,"Man years, total",Contracted man-years unadjusted for long term leaves,2020,NA
Sykehuset Asker og Bærum HF (2003-2008),Ambulance service,"Man years, total",Contracted man-years unadjusted for long term leaves,2021,NA
Sykehuset Asker og Bærum HF (2003-2008),Ambulance service,"Man years, total",Contracted man-years adjusted for long term leaves per 1 000 inhabitants,2008,NA
Sykehuset Asker og Bærum HF (2003-2008),Ambulance service,"Man years, total",Contracted man-years adjusted for long term leaves per 1 000 inhabitants,2020,NA
Sykehuset Asker og Bærum HF (2003-2008),Ambulance service,"Man years, total",Contracted man-years adjusted for long term leaves per 1 000 inhabitants,2021,NA
Sykehuset Asker og Bærum HF (2003-2008),Ambulance service,"Man years, total",Employed persons per 1 000 inhabitants,2008,NA
Sykehuset Asker og Bærum HF (2003-2008),Ambulance service,"Man years, total",Employed persons per 1 000 inhabitants,2020,NA
Sykehuset Asker og Bærum HF (2003-2008),Ambulance service,"Man years, total",Employed persons per 1 000 inhabitants,2021,NA
Sykehuset Asker og Bærum HF (2003-2008),Ambulance service,"Service, technical  and/or operating procedures",Contracted man-years unadjusted for long term leaves,2008,NA
Sykehuset Asker og Bærum HF (2003-2008),Ambulance service,"Service, technical  and/or operating procedures",Contracted man-years unadjusted for long term leaves,2020,NA
Sykehuset Asker og Bærum HF (2003-2008),Ambulance service,"Service, technical  and/or operating procedures",Contracted man-years unadjusted for long term leaves,2021,NA
Sykehuset Asker og Bærum HF (2003-2008),Ambulance service,"Service, technical  and/or operating procedures",Contracted man-years adjusted for long term leaves per 1 000 inhabitants,2008,NA
Sykehuset Asker og Bærum HF (2003-2008),Ambulance service,"Service, technical  and/or operating procedures",Contracted man-years adjusted for long term leaves per 1 000 inhabitants,2020,NA
Sykehuset Asker og Bærum HF (2003-2008),Ambulance service,"Service, technical  and/or operating procedures",Contracted man-years adjusted for long term leaves per 1 000 inhabitants,2021,NA
Sykehuset Asker og Bærum HF (2003-2008),Ambulance service,"Service, technical  and/or operating procedures",Employed persons per 1 000 inhabitants,2008,NA
Sykehuset Asker og Bærum HF (2003-2008),Ambulance service,"Service, technical  and/or operating procedures",Employed persons per 1 000 inhabitants,2020,NA
Sykehuset Asker og Bærum HF (2003-2008),Ambulance service,"Service, technical  and/or operating procedures",Employed persons per 1 000 inhabitants,2021,NA
Sykehuset Asker og Bærum HF (2003-2008),Ambulance service,Other occupations,Contracted man-years unadjusted for long term leaves,2008,NA
Sykehuset Asker og Bærum HF (2003-2008),Ambulance service,Other occupations,Contracted man-years unadjusted for long term leaves,2020,NA
Sykehuset Asker og Bærum HF (2003-2008),Ambulance service,Other occupations,Contracted man-years unadjusted for long term leaves,2021,NA
Sykehuset Asker og Bærum HF (2003-2008),Ambulance service,Other occupations,Contracted man-years adjusted for long term leaves per 1 000 inhabitants,2008,NA
Sykehuset Asker og Bærum HF (2003-2008),Ambulance service,Other occupations,Contracted man-years adjusted for long term leaves per 1 000 inhabitants,2020,NA
Sykehuset Asker og Bærum HF (2003-2008),Ambulance service,Other occupations,Contracted man-years adjusted for long term leaves per 1 000 inhabitants,2021,NA
Sykehuset Asker og Bærum HF (2003-2008),Ambulance service,Other occupations,Employed persons per 1 000 inhabitants,2008,NA
Sykehuset Asker og Bærum HF (2003-2008),Ambulance service,Other occupations,Employed persons per 1 000 inhabitants,2020,NA
Sykehuset Asker og Bærum HF (2003-2008),Ambulance service,Other occupations,Employed persons per 1 000 inhabitants,2021,NA
Sykehuset Asker og Bærum HF (2003-2008),Shared services,"Man years, total",Contracted man-years unadjusted for long term leaves,2008,NA
Sykehuset Asker og Bærum HF (2003-2008),Shared services,"Man years, total",Contracted man-years unadjusted for long term leaves,2020,NA
Sykehuset Asker og Bærum HF (2003-2008),Shared services,"Man years, total",Contracted man-years unadjusted for long term leaves,2021,NA
Sykehuset Asker og Bærum HF (2003-2008),Shared services,"Man years, total",Contracted man-years adjusted for long term leaves per 1 000 inhabitants,2008,NA
Sykehuset Asker og Bærum HF (2003-2008),Shared services,"Man years, total",Contracted man-years adjusted for long term leaves per 1 000 inhabitants,2020,NA
Sykehuset Asker og Bærum HF (2003-2008),Shared services,"Man years, total",Contracted man-years adjusted for long term leaves per 1 000 inhabitants,2021,NA
Sykehuset Asker og Bærum HF (2003-2008),Shared services,"Man years, total",Employed persons per 1 000 inhabitants,2008,NA
Sykehuset Asker og Bærum HF (2003-2008),Shared services,"Man years, total",Employed persons per 1 000 inhabitants,2020,NA
Sykehuset Asker og Bærum HF (2003-2008),Shared services,"Man years, total",Employed persons per 1 000 inhabitants,2021,NA
Sykehuset Asker og Bærum HF (2003-2008),Shared services,"Service, technical  and/or operating procedures",Contracted man-years unadjusted for long term leaves,2008,NA
Sykehuset Asker og Bærum HF (2003-2008),Shared services,"Service, technical  and/or operating procedures",Contracted man-years unadjusted for long term leaves,2020,NA
Sykehuset Asker og Bærum HF (2003-2008),Shared services,"Service, technical  and/or operating procedures",Contracted man-years unadjusted for long term leaves,2021,NA
Sykehuset Asker og Bærum HF (2003-2008),Shared services,"Service, technical  and/or operating procedures",Contracted man-years adjusted for long term leaves per 1 000 inhabitants,2008,NA
Sykehuset Asker og Bærum HF (2003-2008),Shared services,"Service, technical  and/or operating procedures",Contracted man-years adjusted for long term leaves per 1 000 inhabitants,2020,NA
Sykehuset Asker og Bærum HF (2003-2008),Shared services,"Service, technical  and/or operating procedures",Contracted man-years adjusted for long term leaves per 1 000 inhabitants,2021,NA
Sykehuset Asker og Bærum HF (2003-2008),Shared services,"Service, technical  and/or operating procedures",Employed persons per 1 000 inhabitants,2008,NA
Sykehuset Asker og Bærum HF (2003-2008),Shared services,"Service, technical  and/or operating procedures",Employed persons per 1 000 inhabitants,2020,NA
Sykehuset Asker og Bærum HF (2003-2008),Shared services,"Service, technical  and/or operating procedures",Employed persons per 1 000 inhabitants,2021,NA
Sykehuset Asker og Bærum HF (2003-2008),Shared services,Other occupations,Contracted man-years unadjusted for long term leaves,2008,NA
Sykehuset Asker og Bærum HF (2003-2008),Shared services,Other occupations,Contracted man-years unadjusted for long term leaves,2020,NA
Sykehuset Asker og Bærum HF (2003-2008),Shared services,Other occupations,Contracted man-years unadjusted for long term leaves,2021,NA
Sykehuset Asker og Bærum HF (2003-2008),Shared services,Other occupations,Contracted man-years adjusted for long term leaves per 1 000 inhabitants,2008,NA
Sykehuset Asker og Bærum HF (2003-2008),Shared services,Other occupations,Contracted man-years adjusted for long term leaves per 1 000 inhabitants,2020,NA
Sykehuset Asker og Bærum HF (2003-2008),Shared services,Other occupations,Contracted man-years adjusted for long term leaves per 1 000 inhabitants,2021,NA
Sykehuset Asker og Bærum HF (2003-2008),Shared services,Other occupations,Employed persons per 1 000 inhabitants,2008,NA
Sykehuset Asker og Bærum HF (2003-2008),Shared services,Other occupations,Employed persons per 1 000 inhabitants,2020,NA
Sykehuset Asker og Bærum HF (2003-2008),Shared services,Other occupations,Employed persons per 1 000 inhabitants,2021,NA
Sykehuset Innlandet HF (2003-),Total,"Man years, total",Contracted man-years unadjusted for long term leaves,2008,NA
Sykehuset Innlandet HF (2003-),Total,"Man years, total",Contracted man-years unadjusted for long term leaves,2020,NA
Sykehuset Innlandet HF (2003-),Total,"Man years, total",Contracted man-years unadjusted for long term leaves,2021,NA
Sykehuset Innlandet HF (2003-),Total,"Man years, total",Contracted man-years adjusted for long term leaves per 1 000 inhabitants,2008,NA
Sykehuset Innlandet HF (2003-),Total,"Man years, total",Contracted man-years adjusted for long term leaves per 1 000 inhabitants,2020,NA
Sykehuset Innlandet HF (2003-),Total,"Man years, total",Contracted man-years adjusted for long term leaves per 1 000 inhabitants,2021,NA
Sykehuset Innlandet HF (2003-),Total,"Man years, total",Employed persons per 1 000 inhabitants,2008,NA
Sykehuset Innlandet HF (2003-),Total,"Man years, total",Employed persons per 1 000 inhabitants,2020,NA
Sykehuset Innlandet HF (2003-),Total,"Man years, total",Employed persons per 1 000 inhabitants,2021,NA
Sykehuset Innlandet HF (2003-),Total,"Service, technical  and/or operating procedures",Contracted man-years unadjusted for long term leaves,2008,NA
Sykehuset Innlandet HF (2003-),Total,"Service, technical  and/or operating procedures",Contracted man-years unadjusted for long term leaves,2020,NA
Sykehuset Innlandet HF (2003-),Total,"Service, technical  and/or operating procedures",Contracted man-years unadjusted for long term leaves,2021,NA
Sykehuset Innlandet HF (2003-),Total,"Service, technical  and/or operating procedures",Contracted man-years adjusted for long term leaves per 1 000 inhabitants,2008,NA
Sykehuset Innlandet HF (2003-),Total,"Service, technical  and/or operating procedures",Contracted man-years adjusted for long term leaves per 1 000 inhabitants,2020,NA
Sykehuset Innlandet HF (2003-),Total,"Service, technical  and/or operating procedures",Contracted man-years adjusted for long term leaves per 1 000 inhabitants,2021,NA
Sykehuset Innlandet HF (2003-),Total,"Service, technical  and/or operating procedures",Employed persons per 1 000 inhabitants,2008,NA
Sykehuset Innlandet HF (2003-),Total,"Service, technical  and/or operating procedures",Employed persons per 1 000 inhabitants,2020,NA
Sykehuset Innlandet HF (2003-),Total,"Service, technical  and/or operating procedures",Employed persons per 1 000 inhabitants,2021,NA
Sykehuset Innlandet HF (2003-),Total,Other occupations,Contracted man-years unadjusted for long term leaves,2008,NA
Sykehuset Innlandet HF (2003-),Total,Other occupations,Contracted man-years unadjusted for long term leaves,2020,NA
Sykehuset Innlandet HF (2003-),Total,Other occupations,Contracted man-years unadjusted for long term leaves,2021,NA
Sykehuset Innlandet HF (2003-),Total,Other occupations,Contracted man-years adjusted for long term leaves per 1 000 inhabitants,2008,NA
Sykehuset Innlandet HF (2003-),Total,Other occupations,Contracted man-years adjusted for long term leaves per 1 000 inhabitants,2020,NA
Sykehuset Innlandet HF (2003-),Total,Other occupations,Contracted man-years adjusted for long term leaves per 1 000 inhabitants,2021,NA
Sykehuset Innlandet HF (2003-),Total,Other occupations,Employed persons per 1 000 inhabitants,2008,NA
Sykehuset Innlandet HF (2003-),Total,Other occupations,Employed persons per 1 000 inhabitants,2020,NA
Sykehuset Innlandet HF (2003-),Total,Other occupations,Employed persons per 1 000 inhabitants,2021,NA
Sykehuset Innlandet HF (2003-),Ambulance service,"Man years, total",Contracted man-years unadjusted for long term leaves,2008,NA
Sykehuset Innlandet HF (2003-),Ambulance service,"Man years, total",Contracted man-years unadjusted for long term leaves,2020,NA
Sykehuset Innlandet HF (2003-),Ambulance service,"Man years, total",Contracted man-years unadjusted for long term leaves,2021,NA
Sykehuset Innlandet HF (2003-),Ambulance service,"Man years, total",Contracted man-years adjusted for long term leaves per 1 000 inhabitants,2008,NA
Sykehuset Innlandet HF (2003-),Ambulance service,"Man years, total",Contracted man-years adjusted for long term leaves per 1 000 inhabitants,2020,NA
Sykehuset Innlandet HF (2003-),Ambulance service,"Man years, total",Contracted man-years adjusted for long term leaves per 1 000 inhabitants,2021,NA
Sykehuset Innlandet HF (2003-),Ambulance service,"Man years, total",Employed persons per 1 000 inhabitants,2008,NA
Sykehuset Innlandet HF (2003-),Ambulance service,"Man years, total",Employed persons per 1 000 inhabitants,2020,NA
Sykehuset Innlandet HF (2003-),Ambulance service,"Man years, total",Employed persons per 1 000 inhabitants,2021,NA
Sykehuset Innlandet HF (2003-),Ambulance service,"Service, technical  and/or operating procedures",Contracted man-years unadjusted for long term leaves,2008,NA
Sykehuset Innlandet HF (2003-),Ambulance service,"Service, technical  and/or operating procedures",Contracted man-years unadjusted for long term leaves,2020,NA
Sykehuset Innlandet HF (2003-),Ambulance service,"Service, technical  and/or operating procedures",Contracted man-years unadjusted for long term leaves,2021,NA
Sykehuset Innlandet HF (2003-),Ambulance service,"Service, technical  and/or operating procedures",Contracted man-years adjusted for long term leaves per 1 000 inhabitants,2008,NA
Sykehuset Innlandet HF (2003-),Ambulance service,"Service, technical  and/or operating procedures",Contracted man-years adjusted for long term leaves per 1 000 inhabitants,2020,NA
Sykehuset Innlandet HF (2003-),Ambulance service,"Service, technical  and/or operating procedures",Contracted man-years adjusted for long term leaves per 1 000 inhabitants,2021,NA
Sykehuset Innlandet HF (2003-),Ambulance service,"Service, technical  and/or operating procedures",Employed persons per 1 000 inhabitants,2008,NA
Sykehuset Innlandet HF (2003-),Ambulance service,"Service, technical  and/or operating procedures",Employed persons per 1 000 inhabitants,2020,NA
Sykehuset Innlandet HF (2003-),Ambulance service,"Service, technical  and/or operating procedures",Employed persons per 1 000 inhabitants,2021,NA
Sykehuset Innlandet HF (2003-),Ambulance service,Other occupations,Contracted man-years unadjusted for long term leaves,2008,NA
Sykehuset Innlandet HF (2003-),Ambulance service,Other occupations,Contracted man-years unadjusted for long term leaves,2020,NA
Sykehuset Innlandet HF (2003-),Ambulance service,Other occupations,Contracted man-years unadjusted for long term leaves,2021,NA
Sykehuset Innlandet HF (2003-),Ambulance service,Other occupations,Contracted man-years adjusted for long term leaves per 1 000 inhabitants,2008,NA
Sykehuset Innlandet HF (2003-),Ambulance service,Other occupations,Contracted man-years adjusted for long term leaves per 1 000 inhabitants,2020,NA
Sykehuset Innlandet HF (2003-),Ambulance service,Other occupations,Contracted man-years adjusted for long term leaves per 1 000 inhabitants,2021,NA
Sykehuset Innlandet HF (2003-),Ambulance service,Other occupations,Employed persons per 1 000 inhabitants,2008,NA
Sykehuset Innlandet HF (2003-),Ambulance service,Other occupations,Employed persons per 1 000 inhabitants,2020,NA
Sykehuset Innlandet HF (2003-),Ambulance service,Other occupations,Employed persons per 1 000 inhabitants,2021,NA
Sykehuset Innlandet HF (2003-),Shared services,"Man years, total",Contracted man-years unadjusted for long term leaves,2008,NA
Sykehuset Innlandet HF (2003-),Shared services,"Man years, total",Contracted man-years unadjusted for long term leaves,2020,NA
Sykehuset Innlandet HF (2003-),Shared services,"Man years, total",Contracted man-years unadjusted for long term leaves,2021,NA
Sykehuset Innlandet HF (2003-),Shared services,"Man years, total",Contracted man-years adjusted for long term leaves per 1 000 inhabitants,2008,NA
Sykehuset Innlandet HF (2003-),Shared services,"Man years, total",Contracted man-years adjusted for long term leaves per 1 000 inhabitants,2020,NA
Sykehuset Innlandet HF (2003-),Shared services,"Man years, total",Contracted man-years adjusted for long term leaves per 1 000 inhabitants,2021,NA
Sykehuset Innlandet HF (2003-),Shared services,"Man years, total",Employed persons per 1 000 inhabitants,2008,NA
Sykehuset Innlandet HF (2003-),Shared services,"Man years, total",Employed persons per 1 000 inhabitants,2020,NA
Sykehuset Innlandet HF (2003-),Shared services,"Man years, total",Employed persons per 1 000 inhabitants,2021,NA
Sykehuset Innlandet HF (2003-),Shared services,"Service, technical  and/or operating procedures",Contracted man-years unadjusted for long term leaves,2008,NA
Sykehuset Innlandet HF (2003-),Shared services,"Service, technical  and/or operating procedures",Contracted man-years unadjusted for long term leaves,2020,NA
Sykehuset Innlandet HF (2003-),Shared services,"Service, technical  and/or operating procedures",Contracted man-years unadjusted for long term leaves,2021,NA
Sykehuset Innlandet HF (2003-),Shared services,"Service, technical  and/or operating procedures",Contracted man-years adjusted for long term leaves per 1 000 inhabitants,2008,NA
Sykehuset Innlandet HF (2003-),Shared services,"Service, technical  and/or operating procedures",Contracted man-years adjusted for long term leaves per 1 000 inhabitants,2020,NA
Sykehuset Innlandet HF (2003-),Shared services,"Service, technical  and/or operating procedures",Contracted man-years adjusted for long term leaves per 1 000 inhabitants,2021,NA
Sykehuset Innlandet HF (2003-),Shared services,"Service, technical  and/or operating procedures",Employed persons per 1 000 inhabitants,2008,NA
Sykehuset Innlandet HF (2003-),Shared services,"Service, technical  and/or operating procedures",Employed persons per 1 000 inhabitants,2020,NA
Sykehuset Innlandet HF (2003-),Shared services,"Service, technical  and/or operating procedures",Employed persons per 1 000 inhabitants,2021,NA
Sykehuset Innlandet HF (2003-),Shared services,Other occupations,Contracted man-years unadjusted for long term leaves,2008,NA
Sykehuset Innlandet HF (2003-),Shared services,Other occupations,Contracted man-years unadjusted for long term leaves,2020,NA
Sykehuset Innlandet HF (2003-),Shared services,Other occupations,Contracted man-years unadjusted for long term leaves,2021,NA
Sykehuset Innlandet HF (2003-),Shared services,Other occupations,Contracted man-years adjusted for long term leaves per 1 000 inhabitants,2008,NA
Sykehuset Innlandet HF (2003-),Shared services,Other occupations,Contracted man-years adjusted for long term leaves per 1 000 inhabitants,2020,NA
Sykehuset Innlandet HF (2003-),Shared services,Other occupations,Contracted man-years adjusted for long term leaves per 1 000 inhabitants,2021,NA
Sykehuset Innlandet HF (2003-),Shared services,Other occupations,Employed persons per 1 000 inhabitants,2008,NA
Sykehuset Innlandet HF (2003-),Shared services,Other occupations,Employed persons per 1 000 inhabitants,2020,NA
Sykehuset Innlandet HF (2003-),Shared services,Other occupations,Employed persons per 1 000 inhabitants,2021,NA
Ullevål universitetssykehus HF (2002-2008),Total,"Man years, total",Contracted man-years unadjusted for long term leaves,2008,NA
Ullevål universitetssykehus HF (2002-2008),Total,"Man years, total",Contracted man-years unadjusted for long term leaves,2020,NA
Ullevål universitetssykehus HF (2002-2008),Total,"Man years, total",Contracted man-years unadjusted for long term leaves,2021,NA
Ullevål universitetssykehus HF (2002-2008),Total,"Man years, total",Contracted man-years adjusted for long term leaves per 1 000 inhabitants,2008,NA
Ullevål universitetssykehus HF (2002-2008),Total,"Man years, total",Contracted man-years adjusted for long term leaves per 1 000 inhabitants,2020,NA
Ullevål universitetssykehus HF (2002-2008),Total,"Man years, total",Contracted man-years adjusted for long term leaves per 1 000 inhabitants,2021,NA
Ullevål universitetssykehus HF (2002-2008),Total,"Man years, total",Employed persons per 1 000 inhabitants,2008,NA
Ullevål universitetssykehus HF (2002-2008),Total,"Man years, total",Employed persons per 1 000 inhabitants,2020,NA
Ullevål universitetssykehus HF (2002-2008),Total,"Man years, total",Employed persons per 1 000 inhabitants,2021,NA
Ullevål universitetssykehus HF (2002-2008),Total,"Service, technical  and/or operating procedures",Contracted man-years unadjusted for long term leaves,2008,NA
Ullevål universitetssykehus HF (2002-2008),Total,"Service, technical  and/or operating procedures",Contracted man-years unadjusted for long term leaves,2020,NA
Ullevål universitetssykehus HF (2002-2008),Total,"Service, technical  and/or operating procedures",Contracted man-years unadjusted for long term leaves,2021,NA
Ullevål universitetssykehus HF (2002-2008),Total,"Service, technical  and/or operating procedures",Contracted man-years adjusted for long term leaves per 1 000 inhabitants,2008,NA
Ullevål universitetssykehus HF (2002-2008),Total,"Service, technical  and/or operating procedures",Contracted man-years adjusted for long term leaves per 1 000 inhabitants,2020,NA
Ullevål universitetssykehus HF (2002-2008),Total,"Service, technical  and/or operating procedures",Contracted man-years adjusted for long term leaves per 1 000 inhabitants,2021,NA
Ullevål universitetssykehus HF (2002-2008),Total,"Service, technical  and/or operating procedures",Employed persons per 1 000 inhabitants,2008,NA
Ullevål universitetssykehus HF (2002-2008),Total,"Service, technical  and/or operating procedures",Employed persons per 1 000 inhabitants,2020,NA
Ullevål universitetssykehus HF (2002-2008),Total,"Service, technical  and/or operating procedures",Employed persons per 1 000 inhabitants,2021,NA
Ullevål universitetssykehus HF (2002-2008),Total,Other occupations,Contracted man-years unadjusted for long term leaves,2008,NA
Ullevål universitetssykehus HF (2002-2008),Total,Other occupations,Contracted man-years unadjusted for long term leaves,2020,NA
Ullevål universitetssykehus HF (2002-2008),Total,Other occupations,Contracted man-years unadjusted for long term leaves,2021,NA
Ullevål universitetssykehus HF (2002-2008),Total,Other occupations,Contracted man-years adjusted for long term leaves per 1 000 inhabitants,2008,NA
Ullevål universitetssykehus HF (2002-2008),Total,Other occupations,Contracted man-years adjusted for long term leaves per 1 000 inhabitants,2020,NA
Ullevål universitetssykehus HF (2002-2008),Total,Other occupations,Contracted man-years adjusted for long term leaves per 1 000 inhabitants,2021,NA
Ullevål universitetssykehus HF (2002-2008),Total,Other occupations,Employed persons per 1 000 inhabitants,2008,NA
Ullevål universitetssykehus HF (2002-2008),Total,Other occupations,Employed persons per 1 000 inhabitants,2020,NA
Ullevål universitetssykehus HF (2002-2008),Total,Other occupations,Employed persons per 1 000 inhabitants,2021,NA
Ullevål universitetssykehus HF (2002-2008),Ambulance service,"Man years, total",Contracted man-years unadjusted for long term leaves,2008,NA
Ullevål universitetssykehus HF (2002-2008),Ambulance service,"Man years, total",Contracted man-years unadjusted for long term leaves,2020,NA
Ullevål universitetssykehus HF (2002-2008),Ambulance service,"Man years, total",Contracted man-years unadjusted for long term leaves,2021,NA
Ullevål universitetssykehus HF (2002-2008),Ambulance service,"Man years, total",Contracted man-years adjusted for long term leaves per 1 000 inhabitants,2008,NA
Ullevål universitetssykehus HF (2002-2008),Ambulance service,"Man years, total",Contracted man-years adjusted for long term leaves per 1 000 inhabitants,2020,NA
Ullevål universitetssykehus HF (2002-2008),Ambulance service,"Man years, total",Contracted man-years adjusted for long term leaves per 1 000 inhabitants,2021,NA
Ullevål universitetssykehus HF (2002-2008),Ambulance service,"Man years, total",Employed persons per 1 000 inhabitants,2008,NA
Ullevål universitetssykehus HF (2002-2008),Ambulance service,"Man years, total",Employed persons per 1 000 inhabitants,2020,NA
Ullevål universitetssykehus HF (2002-2008),Ambulance service,"Man years, total",Employed persons per 1 000 inhabitants,2021,NA
Ullevål universitetssykehus HF (2002-2008),Ambulance service,"Service, technical  and/or operating procedures",Contracted man-years unadjusted for long term leaves,2008,NA
Ullevål universitetssykehus HF (2002-2008),Ambulance service,"Service, technical  and/or operating procedures",Contracted man-years unadjusted for long term leaves,2020,NA
Ullevål universitetssykehus HF (2002-2008),Ambulance service,"Service, technical  and/or operating procedures",Contracted man-years unadjusted for long term leaves,2021,NA
Ullevål universitetssykehus HF (2002-2008),Ambulance service,"Service, technical  and/or operating procedures",Contracted man-years adjusted for long term leaves per 1 000 inhabitants,2008,NA
Ullevål universitetssykehus HF (2002-2008),Ambulance service,"Service, technical  and/or operating procedures",Contracted man-years adjusted for long term leaves per 1 000 inhabitants,2020,NA
Ullevål universitetssykehus HF (2002-2008),Ambulance service,"Service, technical  and/or operating procedures",Contracted man-years adjusted for long term leaves per 1 000 inhabitants,2021,NA
Ullevål universitetssykehus HF (2002-2008),Ambulance service,"Service, technical  and/or operating procedures",Employed persons per 1 000 inhabitants,2008,NA
Ullevål universitetssykehus HF (2002-2008),Ambulance service,"Service, technical  and/or operating procedures",Employed persons per 1 000 inhabitants,2020,NA
Ullevål universitetssykehus HF (2002-2008),Ambulance service,"Service, technical  and/or operating procedures",Employed persons per 1 000 inhabitants,2021,NA
Ullevål universitetssykehus HF (2002-2008),Ambulance service,Other occupations,Contracted man-years unadjusted for long term leaves,2008,NA
Ullevål universitetssykehus HF (2002-2008),Ambulance service,Other occupations,Contracted man-years unadjusted for long term leaves,2020,NA
Ullevål universitetssykehus HF (2002-2008),Ambulance service,Other occupations,Contracted man-years unadjusted for long term leaves,2021,NA
Ullevål universitetssykehus HF (2002-2008),Ambulance service,Other occupations,Contracted man-years adjusted for long term leaves per 1 000 inhabitants,2008,NA
Ullevål universitetssykehus HF (2002-2008),Ambulance service,Other occupations,Contracted man-years adjusted for long term leaves per 1 000 inhabitants,2020,NA
Ullevål universitetssykehus HF (2002-2008),Ambulance service,Other occupations,Contracted man-years adjusted for long term leaves per 1 000 inhabitants,2021,NA
Ullevål universitetssykehus HF (2002-2008),Ambulance service,Other occupations,Employed persons per 1 000 inhabitants,2008,NA
Ullevål universitetssykehus HF (2002-2008),Ambulance service,Other occupations,Employed persons per 1 000 inhabitants,2020,NA
Ullevål universitetssykehus HF (2002-2008),Ambulance service,Other occupations,Employed persons per 1 000 inhabitants,2021,NA
Ullevål universitetssykehus HF (2002-2008),Shared services,"Man years, total",Contracted man-years unadjusted for long term leaves,2008,NA
Ullevål universitetssykehus HF (2002-2008),Shared services,"Man years, total",Contracted man-years unadjusted for long term leaves,2020,NA
Ullevål universitetssykehus HF (2002-2008),Shared services,"Man years, total",Contracted man-years unadjusted for long term leaves,2021,NA
Ullevål universitetssykehus HF (2002-2008),Shared services,"Man years, total",Contracted man-years adjusted for long term leaves per 1 000 inhabitants,2008,NA
Ullevål universitetssykehus HF (2002-2008),Shared services,"Man years, total",Contracted man-years adjusted for long term leaves per 1 000 inhabitants,2020,NA
Ullevål universitetssykehus HF (2002-2008),Shared services,"Man years, total",Contracted man-years adjusted for long term leaves per 1 000 inhabitants,2021,NA
Ullevål universitetssykehus HF (2002-2008),Shared services,"Man years, total",Employed persons per 1 000 inhabitants,2008,NA
Ullevål universitetssykehus HF (2002-2008),Shared services,"Man years, total",Employed persons per 1 000 inhabitants,2020,NA
Ullevål universitetssykehus HF (2002-2008),Shared services,"Man years, total",Employed persons per 1 000 inhabitants,2021,NA
Ullevål universitetssykehus HF (2002-2008),Shared services,"Service, technical  and/or operating procedures",Contracted man-years unadjusted for long term leaves,2008,NA
Ullevål universitetssykehus HF (2002-2008),Shared services,"Service, technical  and/or operating procedures",Contracted man-years unadjusted for long term leaves,2020,NA
Ullevål universitetssykehus HF (2002-2008),Shared services,"Service, technical  and/or operating procedures",Contracted man-years unadjusted for long term leaves,2021,NA
Ullevål universitetssykehus HF (2002-2008),Shared services,"Service, technical  and/or operating procedures",Contracted man-years adjusted for long term leaves per 1 000 inhabitants,2008,NA
Ullevål universitetssykehus HF (2002-2008),Shared services,"Service, technical  and/or operating procedures",Contracted man-years adjusted for long term leaves per 1 000 inhabitants,2020,NA
Ullevål universitetssykehus HF (2002-2008),Shared services,"Service, technical  and/or operating procedures",Contracted man-years adjusted for long term leaves per 1 000 inhabitants,2021,NA
Ullevål universitetssykehus HF (2002-2008),Shared services,"Service, technical  and/or operating procedures",Employed persons per 1 000 inhabitants,2008,NA
Ullevål universitetssykehus HF (2002-2008),Shared services,"Service, technical  and/or operating procedures",Employed persons per 1 000 inhabitants,2020,NA
Ullevål universitetssykehus HF (2002-2008),Shared services,"Service, technical  and/or operating procedures",Employed persons per 1 000 inhabitants,2021,NA
Ullevål universitetssykehus HF (2002-2008),Shared services,Other occupations,Contracted man-years unadjusted for long term leaves,2008,NA
Ullevål universitetssykehus HF (2002-2008),Shared services,Other occupations,Contracted man-years unadjusted for long term leaves,2020,NA
Ullevål universitetssykehus HF (2002-2008),Shared services,Other occupations,Contracted man-years unadjusted for long term leaves,2021,NA
Ullevål universitetssykehus HF (2002-2008),Shared services,Other occupations,Contracted man-years adjusted for long term leaves per 1 000 inhabitants,2008,NA
Ullevål universitetssykehus HF (2002-2008),Shared services,Other occupations,Contracted man-years adjusted for long term leaves per 1 000 inhabitants,2020,NA
Ullevål universitetssykehus HF (2002-2008),Shared services,Other occupations,Contracted man-years adjusted for long term leaves per 1 000 inhabitants,2021,NA
Ullevål universitetssykehus HF (2002-2008),Shared services,Other occupations,Employed persons per 1 000 inhabitants,2008,NA
Ullevål universitetssykehus HF (2002-2008),Shared services,Other occupations,Employed persons per 1 000 inhabitants,2020,NA
Ullevål universitetssykehus HF (2002-2008),Shared services,Other occupations,Employed persons per 1 000 inhabitants,2021,NA
Sørlandet sykehus HF (2003-),Total,"Man years, total",Contracted man-years unadjusted for long term leaves,2008,NA
Sørlandet sykehus HF (2003-),Total,"Man years, total",Contracted man-years unadjusted for long term leaves,2020,NA
Sørlandet sykehus HF (2003-),Total,"Man years, total",Contracted man-years unadjusted for long term leaves,2021,NA
Sørlandet sykehus HF (2003-),Total,"Man years, total",Contracted man-years adjusted for long term leaves per 1 000 inhabitants,2008,NA
Sørlandet sykehus HF (2003-),Total,"Man years, total",Contracted man-years adjusted for long term leaves per 1 000 inhabitants,2020,NA
Sørlandet sykehus HF (2003-),Total,"Man years, total",Contracted man-years adjusted for long term leaves per 1 000 inhabitants,2021,NA
Sørlandet sykehus HF (2003-),Total,"Man years, total",Employed persons per 1 000 inhabitants,2008,NA
Sørlandet sykehus HF (2003-),Total,"Man years, total",Employed persons per 1 000 inhabitants,2020,NA
Sørlandet sykehus HF (2003-),Total,"Man years, total",Employed persons per 1 000 inhabitants,2021,NA
Sørlandet sykehus HF (2003-),Total,"Service, technical  and/or operating procedures",Contracted man-years unadjusted for long term leaves,2008,NA
Sørlandet sykehus HF (2003-),Total,"Service, technical  and/or operating procedures",Contracted man-years unadjusted for long term leaves,2020,NA
Sørlandet sykehus HF (2003-),Total,"Service, technical  and/or operating procedures",Contracted man-years unadjusted for long term leaves,2021,NA
Sørlandet sykehus HF (2003-),Total,"Service, technical  and/or operating procedures",Contracted man-years adjusted for long term leaves per 1 000 inhabitants,2008,NA
Sørlandet sykehus HF (2003-),Total,"Service, technical  and/or operating procedures",Contracted man-years adjusted for long term leaves per 1 000 inhabitants,2020,NA
Sørlandet sykehus HF (2003-),Total,"Service, technical  and/or operating procedures",Contracted man-years adjusted for long term leaves per 1 000 inhabitants,2021,NA
Sørlandet sykehus HF (2003-),Total,"Service, technical  and/or operating procedures",Employed persons per 1 000 inhabitants,2008,NA
Sørlandet sykehus HF (2003-),Total,"Service, technical  and/or operating procedures",Employed persons per 1 000 inhabitants,2020,NA
Sørlandet sykehus HF (2003-),Total,"Service, technical  and/or operating procedures",Employed persons per 1 000 inhabitants,2021,NA
Sørlandet sykehus HF (2003-),Total,Other occupations,Contracted man-years unadjusted for long term leaves,2008,NA
Sørlandet sykehus HF (2003-),Total,Other occupations,Contracted man-years unadjusted for long term leaves,2020,NA
Sørlandet sykehus HF (2003-),Total,Other occupations,Contracted man-years unadjusted for long term leaves,2021,NA
Sørlandet sykehus HF (2003-),Total,Other occupations,Contracted man-years adjusted for long term leaves per 1 000 inhabitants,2008,NA
Sørlandet sykehus HF (2003-),Total,Other occupations,Contracted man-years adjusted for long term leaves per 1 000 inhabitants,2020,NA
Sørlandet sykehus HF (2003-),Total,Other occupations,Contracted man-years adjusted for long term leaves per 1 000 inhabitants,2021,NA
Sørlandet sykehus HF (2003-),Total,Other occupations,Employed persons per 1 000 inhabitants,2008,NA
Sørlandet sykehus HF (2003-),Total,Other occupations,Employed persons per 1 000 inhabitants,2020,NA
Sørlandet sykehus HF (2003-),Total,Other occupations,Employed persons per 1 000 inhabitants,2021,NA
Sørlandet sykehus HF (2003-),Ambulance service,"Man years, total",Contracted man-years unadjusted for long term leaves,2008,NA
Sørlandet sykehus HF (2003-),Ambulance service,"Man years, total",Contracted man-years unadjusted for long term leaves,2020,NA
Sørlandet sykehus HF (2003-),Ambulance service,"Man years, total",Contracted man-years unadjusted for long term leaves,2021,NA
Sørlandet sykehus HF (2003-),Ambulance service,"Man years, total",Contracted man-years adjusted for long term leaves per 1 000 inhabitants,2008,NA
Sørlandet sykehus HF (2003-),Ambulance service,"Man years, total",Contracted man-years adjusted for long term leaves per 1 000 inhabitants,2020,NA
Sørlandet sykehus HF (2003-),Ambulance service,"Man years, total",Contracted man-years adjusted for long term leaves per 1 000 inhabitants,2021,NA
Sørlandet sykehus HF (2003-),Ambulance service,"Man years, total",Employed persons per 1 000 inhabitants,2008,NA
Sørlandet sykehus HF (2003-),Ambulance service,"Man years, total",Employed persons per 1 000 inhabitants,2020,NA
Sørlandet sykehus HF (2003-),Ambulance service,"Man years, total",Employed persons per 1 000 inhabitants,2021,NA
Sørlandet sykehus HF (2003-),Ambulance service,"Service, technical  and/or operating procedures",Contracted man-years unadjusted for long term leaves,2008,NA
Sørlandet sykehus HF (2003-),Ambulance service,"Service, technical  and/or operating procedures",Contracted man-years unadjusted for long term leaves,2020,NA
Sørlandet sykehus HF (2003-),Ambulance service,"Service, technical  and/or operating procedures",Contracted man-years unadjusted for long term leaves,2021,NA
Sørlandet sykehus HF (2003-),Ambulance service,"Service, technical  and/or operating procedures",Contracted man-years adjusted for long term leaves per 1 000 inhabitants,2008,NA
Sørlandet sykehus HF (2003-),Ambulance service,"Service, technical  and/or operating procedures",Contracted man-years adjusted for long term leaves per 1 000 inhabitants,2020,NA
Sørlandet sykehus HF (2003-),Ambulance service,"Service, technical  and/or operating procedures",Contracted man-years adjusted for long term leaves per 1 000 inhabitants,2021,NA
Sørlandet sykehus HF (2003-),Ambulance service,"Service, technical  and/or operating procedures",Employed persons per 1 000 inhabitants,2008,NA
Sørlandet sykehus HF (2003-),Ambulance service,"Service, technical  and/or operating procedures",Employed persons per 1 000 inhabitants,2020,NA
Sørlandet sykehus HF (2003-),Ambulance service,"Service, technical  and/or operating procedures",Employed persons per 1 000 inhabitants,2021,NA
Sørlandet sykehus HF (2003-),Ambulance service,Other occupations,Contracted man-years unadjusted for long term leaves,2008,NA
Sørlandet sykehus HF (2003-),Ambulance service,Other occupations,Contracted man-years unadjusted for long term leaves,2020,NA
Sørlandet sykehus HF (2003-),Ambulance service,Other occupations,Contracted man-years unadjusted for long term leaves,2021,NA
Sørlandet sykehus HF (2003-),Ambulance service,Other occupations,Contracted man-years adjusted for long term leaves per 1 000 inhabitants,2008,NA
Sørlandet sykehus HF (2003-),Ambulance service,Other occupations,Contracted man-years adjusted for long term leaves per 1 000 inhabitants,2020,NA
Sørlandet sykehus HF (2003-),Ambulance service,Other occupations,Contracted man-years adjusted for long term leaves per 1 000 inhabitants,2021,NA
Sørlandet sykehus HF (2003-),Ambulance service,Other occupations,Employed persons per 1 000 inhabitants,2008,NA
Sørlandet sykehus HF (2003-),Ambulance service,Other occupations,Employed persons per 1 000 inhabitants,2020,NA
Sørlandet sykehus HF (2003-),Ambulance service,Other occupations,Employed persons per 1 000 inhabitants,2021,NA
Sørlandet sykehus HF (2003-),Shared services,"Man years, total",Contracted man-years unadjusted for long term leaves,2008,NA
Sørlandet sykehus HF (2003-),Shared services,"Man years, total",Contracted man-years unadjusted for long term leaves,2020,NA
Sørlandet sykehus HF (2003-),Shared services,"Man years, total",Contracted man-years unadjusted for long term leaves,2021,NA
Sørlandet sykehus HF (2003-),Shared services,"Man years, total",Contracted man-years adjusted for long term leaves per 1 000 inhabitants,2008,NA
Sørlandet sykehus HF (2003-),Shared services,"Man years, total",Contracted man-years adjusted for long term leaves per 1 000 inhabitants,2020,NA
Sørlandet sykehus HF (2003-),Shared services,"Man years, total",Contracted man-years adjusted for long term leaves per 1 000 inhabitants,2021,NA
Sørlandet sykehus HF (2003-),Shared services,"Man years, total",Employed persons per 1 000 inhabitants,2008,NA
Sørlandet sykehus HF (2003-),Shared services,"Man years, total",Employed persons per 1 000 inhabitants,2020,NA
Sørlandet sykehus HF (2003-),Shared services,"Man years, total",Employed persons per 1 000 inhabitants,2021,NA
Sørlandet sykehus HF (2003-),Shared services,"Service, technical  and/or operating procedures",Contracted man-years unadjusted for long term leaves,2008,NA
Sørlandet sykehus HF (2003-),Shared services,"Service, technical  and/or operating procedures",Contracted man-years unadjusted for long term leaves,2020,NA
Sørlandet sykehus HF (2003-),Shared services,"Service, technical  and/or operating procedures",Contracted man-years unadjusted for long term leaves,2021,NA
Sørlandet sykehus HF (2003-),Shared services,"Service, technical  and/or operating procedures",Contracted man-years adjusted for long term leaves per 1 000 inhabitants,2008,NA
Sørlandet sykehus HF (2003-),Shared services,"Service, technical  and/or operating procedures",Contracted man-years adjusted for long term leaves per 1 000 inhabitants,2020,NA
Sørlandet sykehus HF (2003-),Shared services,"Service, technical  and/or operating procedures",Contracted man-years adjusted for long term leaves per 1 000 inhabitants,2021,NA
Sørlandet sykehus HF (2003-),Shared services,"Service, technical  and/or operating procedures",Employed persons per 1 000 inhabitants,2008,NA
Sørlandet sykehus HF (2003-),Shared services,"Service, technical  and/or operating procedures",Employed persons per 1 000 inhabitants,2020,NA
Sørlandet sykehus HF (2003-),Shared services,"Service, technical  and/or operating procedures",Employed persons per 1 000 inhabitants,2021,NA
Sørlandet sykehus HF (2003-),Shared services,Other occupations,Contracted man-years unadjusted for long term leaves,2008,NA
Sørlandet sykehus HF (2003-),Shared services,Other occupations,Contracted man-years unadjusted for long term leaves,2020,NA
Sørlandet sykehus HF (2003-),Shared services,Other occupations,Contracted man-years unadjusted for long term leaves,2021,NA
Sørlandet sykehus HF (2003-),Shared services,Other occupations,Contracted man-years adjusted for long term leaves per 1 000 inhabitants,2008,NA
Sørlandet sykehus HF (2003-),Shared services,Other occupations,Contracted man-years adjusted for long term leaves per 1 000 inhabitants,2020,NA
Sørlandet sykehus HF (2003-),Shared services,Other occupations,Contracted man-years adjusted for long term leaves per 1 000 inhabitants,2021,NA
Sørlandet sykehus HF (2003-),Shared services,Other occupations,Employed persons per 1 000 inhabitants,2008,NA
Sørlandet sykehus HF (2003-),Shared services,Other occupations,Employed persons per 1 000 inhabitants,2020,NA
Sørlandet sykehus HF (2003-),Shared services,Other occupations,Employed persons per 1 000 inhabitants,2021,NA
Ringerike sykehus HF (2002-2008),Total,"Man years, total",Contracted man-years unadjusted for long term leaves,2008,NA
Ringerike sykehus HF (2002-2008),Total,"Man years, total",Contracted man-years unadjusted for long term leaves,2020,NA
Ringerike sykehus HF (2002-2008),Total,"Man years, total",Contracted man-years unadjusted for long term leaves,2021,NA
Ringerike sykehus HF (2002-2008),Total,"Man years, total",Contracted man-years adjusted for long term leaves per 1 000 inhabitants,2008,NA
Ringerike sykehus HF (2002-2008),Total,"Man years, total",Contracted man-years adjusted for long term leaves per 1 000 inhabitants,2020,NA
Ringerike sykehus HF (2002-2008),Total,"Man years, total",Contracted man-years adjusted for long term leaves per 1 000 inhabitants,2021,NA
Ringerike sykehus HF (2002-2008),Total,"Man years, total",Employed persons per 1 000 inhabitants,2008,NA
Ringerike sykehus HF (2002-2008),Total,"Man years, total",Employed persons per 1 000 inhabitants,2020,NA
Ringerike sykehus HF (2002-2008),Total,"Man years, total",Employed persons per 1 000 inhabitants,2021,NA
Ringerike sykehus HF (2002-2008),Total,"Service, technical  and/or operating procedures",Contracted man-years unadjusted for long term leaves,2008,NA
Ringerike sykehus HF (2002-2008),Total,"Service, technical  and/or operating procedures",Contracted man-years unadjusted for long term leaves,2020,NA
Ringerike sykehus HF (2002-2008),Total,"Service, technical  and/or operating procedures",Contracted man-years unadjusted for long term leaves,2021,NA
Ringerike sykehus HF (2002-2008),Total,"Service, technical  and/or operating procedures",Contracted man-years adjusted for long term leaves per 1 000 inhabitants,2008,NA
Ringerike sykehus HF (2002-2008),Total,"Service, technical  and/or operating procedures",Contracted man-years adjusted for long term leaves per 1 000 inhabitants,2020,NA
Ringerike sykehus HF (2002-2008),Total,"Service, technical  and/or operating procedures",Contracted man-years adjusted for long term leaves per 1 000 inhabitants,2021,NA
Ringerike sykehus HF (2002-2008),Total,"Service, technical  and/or operating procedures",Employed persons per 1 000 inhabitants,2008,NA
Ringerike sykehus HF (2002-2008),Total,"Service, technical  and/or operating procedures",Employed persons per 1 000 inhabitants,2020,NA
Ringerike sykehus HF (2002-2008),Total,"Service, technical  and/or operating procedures",Employed persons per 1 000 inhabitants,2021,NA
Ringerike sykehus HF (2002-2008),Total,Other occupations,Contracted man-years unadjusted for long term leaves,2008,NA
Ringerike sykehus HF (2002-2008),Total,Other occupations,Contracted man-years unadjusted for long term leaves,2020,NA
Ringerike sykehus HF (2002-2008),Total,Other occupations,Contracted man-years unadjusted for long term leaves,2021,NA
Ringerike sykehus HF (2002-2008),Total,Other occupations,Contracted man-years adjusted for long term leaves per 1 000 inhabitants,2008,NA
Ringerike sykehus HF (2002-2008),Total,Other occupations,Contracted man-years adjusted for long term leaves per 1 000 inhabitants,2020,NA
Ringerike sykehus HF (2002-2008),Total,Other occupations,Contracted man-years adjusted for long term leaves per 1 000 inhabitants,2021,NA
Ringerike sykehus HF (2002-2008),Total,Other occupations,Employed persons per 1 000 inhabitants,2008,NA
Ringerike sykehus HF (2002-2008),Total,Other occupations,Employed persons per 1 000 inhabitants,2020,NA
Ringerike sykehus HF (2002-2008),Total,Other occupations,Employed persons per 1 000 inhabitants,2021,NA
Ringerike sykehus HF (2002-2008),Ambulance service,"Man years, total",Contracted man-years unadjusted for long term leaves,2008,NA
Ringerike sykehus HF (2002-2008),Ambulance service,"Man years, total",Contracted man-years unadjusted for long term leaves,2020,NA
Ringerike sykehus HF (2002-2008),Ambulance service,"Man years, total",Contracted man-years unadjusted for long term leaves,2021,NA
Ringerike sykehus HF (2002-2008),Ambulance service,"Man years, total",Contracted man-years adjusted for long term leaves per 1 000 inhabitants,2008,NA
Ringerike sykehus HF (2002-2008),Ambulance service,"Man years, total",Contracted man-years adjusted for long term leaves per 1 000 inhabitants,2020,NA
Ringerike sykehus HF (2002-2008),Ambulance service,"Man years, total",Contracted man-years adjusted for long term leaves per 1 000 inhabitants,2021,NA
Ringerike sykehus HF (2002-2008),Ambulance service,"Man years, total",Employed persons per 1 000 inhabitants,2008,NA
Ringerike sykehus HF (2002-2008),Ambulance service,"Man years, total",Employed persons per 1 000 inhabitants,2020,NA
Ringerike sykehus HF (2002-2008),Ambulance service,"Man years, total",Employed persons per 1 000 inhabitants,2021,NA
Ringerike sykehus HF (2002-2008),Ambulance service,"Service, technical  and/or operating procedures",Contracted man-years unadjusted for long term leaves,2008,NA
Ringerike sykehus HF (2002-2008),Ambulance service,"Service, technical  and/or operating procedures",Contracted man-years unadjusted for long term leaves,2020,NA
Ringerike sykehus HF (2002-2008),Ambulance service,"Service, technical  and/or operating procedures",Contracted man-years unadjusted for long term leaves,2021,NA
Ringerike sykehus HF (2002-2008),Ambulance service,"Service, technical  and/or operating procedures",Contracted man-years adjusted for long term leaves per 1 000 inhabitants,2008,NA
Ringerike sykehus HF (2002-2008),Ambulance service,"Service, technical  and/or operating procedures",Contracted man-years adjusted for long term leaves per 1 000 inhabitants,2020,NA
Ringerike sykehus HF (2002-2008),Ambulance service,"Service, technical  and/or operating procedures",Contracted man-years adjusted for long term leaves per 1 000 inhabitants,2021,NA
Ringerike sykehus HF (2002-2008),Ambulance service,"Service, technical  and/or operating procedures",Employed persons per 1 000 inhabitants,2008,NA
Ringerike sykehus HF (2002-2008),Ambulance service,"Service, technical  and/or operating procedures",Employed persons per 1 000 inhabitants,2020,NA
Ringerike sykehus HF (2002-2008),Ambulance service,"Service, technical  and/or operating procedures",Employed persons per 1 000 inhabitants,2021,NA
Ringerike sykehus HF (2002-2008),Ambulance service,Other occupations,Contracted man-years unadjusted for long term leaves,2008,NA
Ringerike sykehus HF (2002-2008),Ambulance service,Other occupations,Contracted man-years unadjusted for long term leaves,2020,NA
Ringerike sykehus HF (2002-2008),Ambulance service,Other occupations,Contracted man-years unadjusted for long term leaves,2021,NA
Ringerike sykehus HF (2002-2008),Ambulance service,Other occupations,Contracted man-years adjusted for long term leaves per 1 000 inhabitants,2008,NA
Ringerike sykehus HF (2002-2008),Ambulance service,Other occupations,Contracted man-years adjusted for long term leaves per 1 000 inhabitants,2020,NA
Ringerike sykehus HF (2002-2008),Ambulance service,Other occupations,Contracted man-years adjusted for long term leaves per 1 000 inhabitants,2021,NA
Ringerike sykehus HF (2002-2008),Ambulance service,Other occupations,Employed persons per 1 000 inhabitants,2008,NA
Ringerike sykehus HF (2002-2008),Ambulance service,Other occupations,Employed persons per 1 000 inhabitants,2020,NA
Ringerike sykehus HF (2002-2008),Ambulance service,Other occupations,Employed persons per 1 000 inhabitants,2021,NA
Ringerike sykehus HF (2002-2008),Shared services,"Man years, total",Contracted man-years unadjusted for long term leaves,2008,NA
Ringerike sykehus HF (2002-2008),Shared services,"Man years, total",Contracted man-years unadjusted for long term leaves,2020,NA
Ringerike sykehus HF (2002-2008),Shared services,"Man years, total",Contracted man-years unadjusted for long term leaves,2021,NA
Ringerike sykehus HF (2002-2008),Shared services,"Man years, total",Contracted man-years adjusted for long term leaves per 1 000 inhabitants,2008,NA
Ringerike sykehus HF (2002-2008),Shared services,"Man years, total",Contracted man-years adjusted for long term leaves per 1 000 inhabitants,2020,NA
Ringerike sykehus HF (2002-2008),Shared services,"Man years, total",Contracted man-years adjusted for long term leaves per 1 000 inhabitants,2021,NA
Ringerike sykehus HF (2002-2008),Shared services,"Man years, total",Employed persons per 1 000 inhabitants,2008,NA
Ringerike sykehus HF (2002-2008),Shared services,"Man years, total",Employed persons per 1 000 inhabitants,2020,NA
Ringerike sykehus HF (2002-2008),Shared services,"Man years, total",Employed persons per 1 000 inhabitants,2021,NA
Ringerike sykehus HF (2002-2008),Shared services,"Service, technical  and/or operating procedures",Contracted man-years unadjusted for long term leaves,2008,NA
Ringerike sykehus HF (2002-2008),Shared services,"Service, technical  and/or operating procedures",Contracted man-years unadjusted for long term leaves,2020,NA
Ringerike sykehus HF (2002-2008),Shared services,"Service, technical  and/or operating procedures",Contracted man-years unadjusted for long term leaves,2021,NA
Ringerike sykehus HF (2002-2008),Shared services,"Service, technical  and/or operating procedures",Contracted man-years adjusted for long term leaves per 1 000 inhabitants,2008,NA
Ringerike sykehus HF (2002-2008),Shared services,"Service, technical  and/or operating procedures",Contracted man-years adjusted for long term leaves per 1 000 inhabitants,2020,NA
Ringerike sykehus HF (2002-2008),Shared services,"Service, technical  and/or operating procedures",Contracted man-years adjusted for long term leaves per 1 000 inhabitants,2021,NA
Ringerike sykehus HF (2002-2008),Shared services,"Service, technical  and/or operating procedures",Employed persons per 1 000 inhabitants,2008,NA
Ringerike sykehus HF (2002-2008),Shared services,"Service, technical  and/or operating procedures",Employed persons per 1 000 inhabitants,2020,NA
Ringerike sykehus HF (2002-2008),Shared services,"Service, technical  and/or operating procedures",Employed persons per 1 000 inhabitants,2021,NA
Ringerike sykehus HF (2002-2008),Shared services,Other occupations,Contracted man-years unadjusted for long term leaves,2008,NA
Ringerike sykehus HF (2002-2008),Shared services,Other occupations,Contracted man-years unadjusted for long term leaves,2020,NA
Ringerike sykehus HF (2002-2008),Shared services,Other occupations,Contracted man-years unadjusted for long term leaves,2021,NA
Ringerike sykehus HF (2002-2008),Shared services,Other occupations,Contracted man-years adjusted for long term leaves per 1 000 inhabitants,2008,NA
Ringerike sykehus HF (2002-2008),Shared services,Other occupations,Contracted man-years adjusted for long term leaves per 1 000 inhabitants,2020,NA
Ringerike sykehus HF (2002-2008),Shared services,Other occupations,Contracted man-years adjusted for long term leaves per 1 000 inhabitants,2021,NA
Ringerike sykehus HF (2002-2008),Shared services,Other occupations,Employed persons per 1 000 inhabitants,2008,NA
Ringerike sykehus HF (2002-2008),Shared services,Other occupations,Employed persons per 1 000 inhabitants,2020,NA
Ringerike sykehus HF (2002-2008),Shared services,Other occupations,Employed persons per 1 000 inhabitants,2021,NA
Helse Møre og Romsdal HF (2011-),Total,"Man years, total",Contracted man-years unadjusted for long term leaves,2008,NA
Helse Møre og Romsdal HF (2011-),Total,"Man years, total",Contracted man-years unadjusted for long term leaves,2020,NA
Helse Møre og Romsdal HF (2011-),Total,"Man years, total",Contracted man-years unadjusted for long term leaves,2021,NA
Helse Møre og Romsdal HF (2011-),Total,"Man years, total",Contracted man-years adjusted for long term leaves per 1 000 inhabitants,2008,NA
Helse Møre og Romsdal HF (2011-),Total,"Man years, total",Contracted man-years adjusted for long term leaves per 1 000 inhabitants,2020,NA
Helse Møre og Romsdal HF (2011-),Total,"Man years, total",Contracted man-years adjusted for long term leaves per 1 000 inhabitants,2021,NA
Helse Møre og Romsdal HF (2011-),Total,"Man years, total",Employed persons per 1 000 inhabitants,2008,NA
Helse Møre og Romsdal HF (2011-),Total,"Man years, total",Employed persons per 1 000 inhabitants,2020,NA
Helse Møre og Romsdal HF (2011-),Total,"Man years, total",Employed persons per 1 000 inhabitants,2021,NA
Helse Møre og Romsdal HF (2011-),Total,"Service, technical  and/or operating procedures",Contracted man-years unadjusted for long term leaves,2008,NA
Helse Møre og Romsdal HF (2011-),Total,"Service, technical  and/or operating procedures",Contracted man-years unadjusted for long term leaves,2020,NA
Helse Møre og Romsdal HF (2011-),Total,"Service, technical  and/or operating procedures",Contracted man-years unadjusted for long term leaves,2021,NA
Helse Møre og Romsdal HF (2011-),Total,"Service, technical  and/or operating procedures",Contracted man-years adjusted for long term leaves per 1 000 inhabitants,2008,NA
Helse Møre og Romsdal HF (2011-),Total,"Service, technical  and/or operating procedures",Contracted man-years adjusted for long term leaves per 1 000 inhabitants,2020,NA
Helse Møre og Romsdal HF (2011-),Total,"Service, technical  and/or operating procedures",Contracted man-years adjusted for long term leaves per 1 000 inhabitants,2021,NA
Helse Møre og Romsdal HF (2011-),Total,"Service, technical  and/or operating procedures",Employed persons per 1 000 inhabitants,2008,NA
Helse Møre og Romsdal HF (2011-),Total,"Service, technical  and/or operating procedures",Employed persons per 1 000 inhabitants,2020,NA
Helse Møre og Romsdal HF (2011-),Total,"Service, technical  and/or operating procedures",Employed persons per 1 000 inhabitants,2021,NA
Helse Møre og Romsdal HF (2011-),Total,Other occupations,Contracted man-years unadjusted for long term leaves,2008,NA
Helse Møre og Romsdal HF (2011-),Total,Other occupations,Contracted man-years unadjusted for long term leaves,2020,NA
Helse Møre og Romsdal HF (2011-),Total,Other occupations,Contracted man-years unadjusted for long term leaves,2021,NA
Helse Møre og Romsdal HF (2011-),Total,Other occupations,Contracted man-years adjusted for long term leaves per 1 000 inhabitants,2008,NA
Helse Møre og Romsdal HF (2011-),Total,Other occupations,Contracted man-years adjusted for long term leaves per 1 000 inhabitants,2020,NA
Helse Møre og Romsdal HF (2011-),Total,Other occupations,Contracted man-years adjusted for long term leaves per 1 000 inhabitants,2021,NA
Helse Møre og Romsdal HF (2011-),Total,Other occupations,Employed persons per 1 000 inhabitants,2008,NA
Helse Møre og Romsdal HF (2011-),Total,Other occupations,Employed persons per 1 000 inhabitants,2020,NA
Helse Møre og Romsdal HF (2011-),Total,Other occupations,Employed persons per 1 000 inhabitants,2021,NA
Helse Møre og Romsdal HF (2011-),Ambulance service,"Man years, total",Contracted man-years unadjusted for long term leaves,2008,NA
Helse Møre og Romsdal HF (2011-),Ambulance service,"Man years, total",Contracted man-years unadjusted for long term leaves,2020,NA
Helse Møre og Romsdal HF (2011-),Ambulance service,"Man years, total",Contracted man-years unadjusted for long term leaves,2021,NA
Helse Møre og Romsdal HF (2011-),Ambulance service,"Man years, total",Contracted man-years adjusted for long term leaves per 1 000 inhabitants,2008,NA
Helse Møre og Romsdal HF (2011-),Ambulance service,"Man years, total",Contracted man-years adjusted for long term leaves per 1 000 inhabitants,2020,NA
Helse Møre og Romsdal HF (2011-),Ambulance service,"Man years, total",Contracted man-years adjusted for long term leaves per 1 000 inhabitants,2021,NA
Helse Møre og Romsdal HF (2011-),Ambulance service,"Man years, total",Employed persons per 1 000 inhabitants,2008,NA
Helse Møre og Romsdal HF (2011-),Ambulance service,"Man years, total",Employed persons per 1 000 inhabitants,2020,NA
Helse Møre og Romsdal HF (2011-),Ambulance service,"Man years, total",Employed persons per 1 000 inhabitants,2021,NA
Helse Møre og Romsdal HF (2011-),Ambulance service,"Service, technical  and/or operating procedures",Contracted man-years unadjusted for long term leaves,2008,NA
Helse Møre og Romsdal HF (2011-),Ambulance service,"Service, technical  and/or operating procedures",Contracted man-years unadjusted for long term leaves,2020,NA
Helse Møre og Romsdal HF (2011-),Ambulance service,"Service, technical  and/or operating procedures",Contracted man-years unadjusted for long term leaves,2021,NA
Helse Møre og Romsdal HF (2011-),Ambulance service,"Service, technical  and/or operating procedures",Contracted man-years adjusted for long term leaves per 1 000 inhabitants,2008,NA
Helse Møre og Romsdal HF (2011-),Ambulance service,"Service, technical  and/or operating procedures",Contracted man-years adjusted for long term leaves per 1 000 inhabitants,2020,NA
Helse Møre og Romsdal HF (2011-),Ambulance service,"Service, technical  and/or operating procedures",Contracted man-years adjusted for long term leaves per 1 000 inhabitants,2021,NA
Helse Møre og Romsdal HF (2011-),Ambulance service,"Service, technical  and/or operating procedures",Employed persons per 1 000 inhabitants,2008,NA
Helse Møre og Romsdal HF (2011-),Ambulance service,"Service, technical  and/or operating procedures",Employed persons per 1 000 inhabitants,2020,NA
Helse Møre og Romsdal HF (2011-),Ambulance service,"Service, technical  and/or operating procedures",Employed persons per 1 000 inhabitants,2021,NA
Helse Møre og Romsdal HF (2011-),Ambulance service,Other occupations,Contracted man-years unadjusted for long term leaves,2008,NA
Helse Møre og Romsdal HF (2011-),Ambulance service,Other occupations,Contracted man-years unadjusted for long term leaves,2020,NA
Helse Møre og Romsdal HF (2011-),Ambulance service,Other occupations,Contracted man-years unadjusted for long term leaves,2021,NA
Helse Møre og Romsdal HF (2011-),Ambulance service,Other occupations,Contracted man-years adjusted for long term leaves per 1 000 inhabitants,2008,NA
Helse Møre og Romsdal HF (2011-),Ambulance service,Other occupations,Contracted man-years adjusted for long term leaves per 1 000 inhabitants,2020,NA
Helse Møre og Romsdal HF (2011-),Ambulance service,Other occupations,Contracted man-years adjusted for long term leaves per 1 000 inhabitants,2021,NA
Helse Møre og Romsdal HF (2011-),Ambulance service,Other occupations,Employed persons per 1 000 inhabitants,2008,NA
Helse Møre og Romsdal HF (2011-),Ambulance service,Other occupations,Employed persons per 1 000 inhabitants,2020,NA
Helse Møre og Romsdal HF (2011-),Ambulance service,Other occupations,Employed persons per 1 000 inhabitants,2021,NA
Helse Møre og Romsdal HF (2011-),Shared services,"Man years, total",Contracted man-years unadjusted for long term leaves,2008,NA
Helse Møre og Romsdal HF (2011-),Shared services,"Man years, total",Contracted man-years unadjusted for long term leaves,2020,NA
Helse Møre og Romsdal HF (2011-),Shared services,"Man years, total",Contracted man-years unadjusted for long term leaves,2021,NA
Helse Møre og Romsdal HF (2011-),Shared services,"Man years, total",Contracted man-years adjusted for long term leaves per 1 000 inhabitants,2008,NA
Helse Møre og Romsdal HF (2011-),Shared services,"Man years, total",Contracted man-years adjusted for long term leaves per 1 000 inhabitants,2020,NA
Helse Møre og Romsdal HF (2011-),Shared services,"Man years, total",Contracted man-years adjusted for long term leaves per 1 000 inhabitants,2021,NA
Helse Møre og Romsdal HF (2011-),Shared services,"Man years, total",Employed persons per 1 000 inhabitants,2008,NA
Helse Møre og Romsdal HF (2011-),Shared services,"Man years, total",Employed persons per 1 000 inhabitants,2020,NA
Helse Møre og Romsdal HF (2011-),Shared services,"Man years, total",Employed persons per 1 000 inhabitants,2021,NA
Helse Møre og Romsdal HF (2011-),Shared services,"Service, technical  and/or operating procedures",Contracted man-years unadjusted for long term leaves,2008,NA
Helse Møre og Romsdal HF (2011-),Shared services,"Service, technical  and/or operating procedures",Contracted man-years unadjusted for long term leaves,2020,NA
Helse Møre og Romsdal HF (2011-),Shared services,"Service, technical  and/or operating procedures",Contracted man-years unadjusted for long term leaves,2021,NA
Helse Møre og Romsdal HF (2011-),Shared services,"Service, technical  and/or operating procedures",Contracted man-years adjusted for long term leaves per 1 000 inhabitants,2008,NA
Helse Møre og Romsdal HF (2011-),Shared services,"Service, technical  and/or operating procedures",Contracted man-years adjusted for long term leaves per 1 000 inhabitants,2020,NA
Helse Møre og Romsdal HF (2011-),Shared services,"Service, technical  and/or operating procedures",Contracted man-years adjusted for long term leaves per 1 000 inhabitants,2021,NA
Helse Møre og Romsdal HF (2011-),Shared services,"Service, technical  and/or operating procedures",Employed persons per 1 000 inhabitants,2008,NA
Helse Møre og Romsdal HF (2011-),Shared services,"Service, technical  and/or operating procedures",Employed persons per 1 000 inhabitants,2020,NA
Helse Møre og Romsdal HF (2011-),Shared services,"Service, technical  and/or operating procedures",Employed persons per 1 000 inhabitants,2021,NA
Helse Møre og Romsdal HF (2011-),Shared services,Other occupations,Contracted man-years unadjusted for long term leaves,2008,NA
Helse Møre og Romsdal HF (2011-),Shared services,Other occupations,Contracted man-years unadjusted for long term leaves,2020,NA
Helse Møre og Romsdal HF (2011-),Shared services,Other occupations,Contracted man-years unadjusted for long term leaves,2021,NA
Helse Møre og Romsdal HF (2011-),Shared services,Other occupations,Contracted man-years adjusted for long term leaves per 1 000 inhabitants,2008,NA
Helse Møre og Romsdal HF (2011-),Shared services,Other occupations,Contracted man-years adjusted for long term leaves per 1 000 inhabitants,2020,NA
Helse Møre og Romsdal HF (2011-),Shared services,Other occupations,Contracted man-years adjusted for long term leaves per 1 000 inhabitants,2021,NA
Helse Møre og Romsdal HF (2011-),Shared services,Other occupations,Employed persons per 1 000 inhabitants,2008,NA
Helse Møre og Romsdal HF (2011-),Shared services,Other occupations,Employed persons per 1 000 inhabitants,2020,NA
Helse Møre og Romsdal HF (2011-),Shared services,Other occupations,Employed persons per 1 000 inhabitants,2021,NA
Country,Total,"Man years, total",Contracted man-years unadjusted for long term leaves,2008,104843
Country,Total,"Man years, total",Contracted man-years unadjusted for long term leaves,2020,129658
Country,Total,"Man years, total",Contracted man-years unadjusted for long term leaves,2021,132110
Country,Total,"Man years, total",Contracted man-years adjusted for long term leaves per 1 000 inhabitants,2008,19.75
Country,Total,"Man years, total",Contracted man-years adjusted for long term leaves per 1 000 inhabitants,2020,21.8
Country,Total,"Man years, total",Contracted man-years adjusted for long term leaves per 1 000 inhabitants,2021,21.91
Country,Total,"Man years, total",Employed persons per 1 000 inhabitants,2008,25.57
Country,Total,"Man years, total",Employed persons per 1 000 inhabitants,2020,26.73
Country,Total,"Man years, total",Employed persons per 1 000 inhabitants,2021,27.13
Country,Total,"Service, technical  and/or operating procedures",Contracted man-years unadjusted for long term leaves,2008,6749
Country,Total,"Service, technical  and/or operating procedures",Contracted man-years unadjusted for long term leaves,2020,8277
Country,Total,"Service, technical  and/or operating procedures",Contracted man-years unadjusted for long term leaves,2021,8220
Country,Total,"Service, technical  and/or operating procedures",Contracted man-years adjusted for long term leaves per 1 000 inhabitants,2008,1.27
Country,Total,"Service, technical  and/or operating procedures",Contracted man-years adjusted for long term leaves per 1 000 inhabitants,2020,1.39
Country,Total,"Service, technical  and/or operating procedures",Contracted man-years adjusted for long term leaves per 1 000 inhabitants,2021,1.36
Country,Total,"Service, technical  and/or operating procedures",Employed persons per 1 000 inhabitants,2008,1.64
Country,Total,"Service, technical  and/or operating procedures",Employed persons per 1 000 inhabitants,2020,1.81
Country,Total,"Service, technical  and/or operating procedures",Employed persons per 1 000 inhabitants,2021,1.78
Country,Total,Other occupations,Contracted man-years unadjusted for long term leaves,2008,5107
Country,Total,Other occupations,Contracted man-years unadjusted for long term leaves,2020,2448
Country,Total,Other occupations,Contracted man-years unadjusted for long term leaves,2021,2510
Country,Total,Other occupations,Contracted man-years adjusted for long term leaves per 1 000 inhabitants,2008,0.97
Country,Total,Other occupations,Contracted man-years adjusted for long term leaves per 1 000 inhabitants,2020,0.41
Country,Total,Other occupations,Contracted man-years adjusted for long term leaves per 1 000 inhabitants,2021,0.42
Country,Total,Other occupations,Employed persons per 1 000 inhabitants,2008,1.47
Country,Total,Other occupations,Employed persons per 1 000 inhabitants,2020,0.51
Country,Total,Other occupations,Employed persons per 1 000 inhabitants,2021,0.52
Country,Ambulance service,"Man years, total",Contracted man-years unadjusted for long term leaves,2008,338
Country,Ambulance service,"Man years, total",Contracted man-years unadjusted for long term leaves,2020,5561
Country,Ambulance service,"Man years, total",Contracted man-years unadjusted for long term leaves,2021,5584
Country,Ambulance service,"Man years, total",Contracted man-years adjusted for long term leaves per 1 000 inhabitants,2008,0.06
Country,Ambulance service,"Man years, total",Contracted man-years adjusted for long term leaves per 1 000 inhabitants,2020,0.93
Country,Ambulance service,"Man years, total",Contracted man-years adjusted for long term leaves per 1 000 inhabitants,2021,0.92
Country,Ambulance service,"Man years, total",Employed persons per 1 000 inhabitants,2008,0.07
Country,Ambulance service,"Man years, total",Employed persons per 1 000 inhabitants,2020,1.07
Country,Ambulance service,"Man years, total",Employed persons per 1 000 inhabitants,2021,1.06
Country,Ambulance service,"Service, technical  and/or operating procedures",Contracted man-years unadjusted for long term leaves,2008,17
Country,Ambulance service,"Service, technical  and/or operating procedures",Contracted man-years unadjusted for long term leaves,2020,73
Country,Ambulance service,"Service, technical  and/or operating procedures",Contracted man-years unadjusted for long term leaves,2021,67
Country,Ambulance service,"Service, technical  and/or operating procedures",Contracted man-years adjusted for long term leaves per 1 000 inhabitants,2008,0
Country,Ambulance service,"Service, technical  and/or operating procedures",Contracted man-years adjusted for long term leaves per 1 000 inhabitants,2020,0.01
Country,Ambulance service,"Service, technical  and/or operating procedures",Contracted man-years adjusted for long term leaves per 1 000 inhabitants,2021,0.01
Country,Ambulance service,"Service, technical  and/or operating procedures",Employed persons per 1 000 inhabitants,2008,0
Country,Ambulance service,"Service, technical  and/or operating procedures",Employed persons per 1 000 inhabitants,2020,0.02
Country,Ambulance service,"Service, technical  and/or operating procedures",Employed persons per 1 000 inhabitants,2021,0.01
Country,Ambulance service,Other occupations,Contracted man-years unadjusted for long term leaves,2008,NA
Country,Ambulance service,Other occupations,Contracted man-years unadjusted for long term leaves,2020,151
Country,Ambulance service,Other occupations,Contracted man-years unadjusted for long term leaves,2021,149
Country,Ambulance service,Other occupations,Contracted man-years adjusted for long term leaves per 1 000 inhabitants,2008,NA
Country,Ambulance service,Other occupations,Contracted man-years adjusted for long term leaves per 1 000 inhabitants,2020,0.03
Country,Ambulance service,Other occupations,Contracted man-years adjusted for long term leaves per 1 000 inhabitants,2021,0.03
Country,Ambulance service,Other occupations,Employed persons per 1 000 inhabitants,2008,NA
Country,Ambulance service,Other occupations,Employed persons per 1 000 inhabitants,2020,0.03
Country,Ambulance service,Other occupations,Employed persons per 1 000 inhabitants,2021,0.03
Country,Shared services,"Man years, total",Contracted man-years unadjusted for long term leaves,2008,8330
Country,Shared services,"Man years, total",Contracted man-years unadjusted for long term leaves,2020,10292
Country,Shared services,"Man years, total",Contracted man-years unadjusted for long term leaves,2021,6388
Country,Shared services,"Man years, total",Contracted man-years adjusted for long term leaves per 1 000 inhabitants,2008,1.6
Country,Shared services,"Man years, total",Contracted man-years adjusted for long term leaves per 1 000 inhabitants,2020,1.77
Country,Shared services,"Man years, total",Contracted man-years adjusted for long term leaves per 1 000 inhabitants,2021,1.1
Country,Shared services,"Man years, total",Employed persons per 1 000 inhabitants,2008,1.93
Country,Shared services,"Man years, total",Employed persons per 1 000 inhabitants,2020,2.06
Country,Shared services,"Man years, total",Employed persons per 1 000 inhabitants,2021,1.2
Country,Shared services,"Service, technical  and/or operating procedures",Contracted man-years unadjusted for long term leaves,2008,1407
Country,Shared services,"Service, technical  and/or operating procedures",Contracted man-years unadjusted for long term leaves,2020,1946
Country,Shared services,"Service, technical  and/or operating procedures",Contracted man-years unadjusted for long term leaves,2021,385
Country,Shared services,"Service, technical  and/or operating procedures",Contracted man-years adjusted for long term leaves per 1 000 inhabitants,2008,0.27
Country,Shared services,"Service, technical  and/or operating procedures",Contracted man-years adjusted for long term leaves per 1 000 inhabitants,2020,0.33
Country,Shared services,"Service, technical  and/or operating procedures",Contracted man-years adjusted for long term leaves per 1 000 inhabitants,2021,0.07
Country,Shared services,"Service, technical  and/or operating procedures",Employed persons per 1 000 inhabitants,2008,0.34
Country,Shared services,"Service, technical  and/or operating procedures",Employed persons per 1 000 inhabitants,2020,0.42
Country,Shared services,"Service, technical  and/or operating procedures",Employed persons per 1 000 inhabitants,2021,0.08
Country,Shared services,Other occupations,Contracted man-years unadjusted for long term leaves,2008,954
Country,Shared services,Other occupations,Contracted man-years unadjusted for long term leaves,2020,484
Country,Shared services,Other occupations,Contracted man-years unadjusted for long term leaves,2021,319
Country,Shared services,Other occupations,Contracted man-years adjusted for long term leaves per 1 000 inhabitants,2008,0.18
Country,Shared services,Other occupations,Contracted man-years adjusted for long term leaves per 1 000 inhabitants,2020,0.08
Country,Shared services,Other occupations,Contracted man-years adjusted for long term leaves per 1 000 inhabitants,2021,0.05
Country,Shared services,Other occupations,Employed persons per 1 000 inhabitants,2008,0.25
Country,Shared services,Other occupations,Employed persons per 1 000 inhabitants,2020,0.1
Country,Shared services,Other occupations,Employed persons per 1 000 inhabitants,2021,0.06
Helseregion Vest,Total,"Man years, total",Contracted man-years unadjusted for long term leaves,2008,19495
Helseregion Vest,Total,"Man years, total",Contracted man-years unadjusted for long term leaves,2020,24722
Helseregion Vest,Total,"Man years, total",Contracted man-years unadjusted for long term leaves,2021,25256
Helseregion Vest,Total,"Man years, total",Contracted man-years adjusted for long term leaves per 1 000 inhabitants,2008,17.65
Helseregion Vest,Total,"Man years, total",Contracted man-years adjusted for long term leaves per 1 000 inhabitants,2020,NA
Helseregion Vest,Total,"Man years, total",Contracted man-years adjusted for long term leaves per 1 000 inhabitants,2021,NA
Helseregion Vest,Total,"Man years, total",Employed persons per 1 000 inhabitants,2008,23.46
Helseregion Vest,Total,"Man years, total",Employed persons per 1 000 inhabitants,2020,NA
Helseregion Vest,Total,"Man years, total",Employed persons per 1 000 inhabitants,2021,NA
Helseregion Vest,Total,"Service, technical  and/or operating procedures",Contracted man-years unadjusted for long term leaves,2008,737
Helseregion Vest,Total,"Service, technical  and/or operating procedures",Contracted man-years unadjusted for long term leaves,2020,1531
Helseregion Vest,Total,"Service, technical  and/or operating procedures",Contracted man-years unadjusted for long term leaves,2021,1537
Helseregion Vest,Total,"Service, technical  and/or operating procedures",Contracted man-years adjusted for long term leaves per 1 000 inhabitants,2008,0.65
Helseregion Vest,Total,"Service, technical  and/or operating procedures",Contracted man-years adjusted for long term leaves per 1 000 inhabitants,2020,NA
Helseregion Vest,Total,"Service, technical  and/or operating procedures",Contracted man-years adjusted for long term leaves per 1 000 inhabitants,2021,NA
Helseregion Vest,Total,"Service, technical  and/or operating procedures",Employed persons per 1 000 inhabitants,2008,0.89
Helseregion Vest,Total,"Service, technical  and/or operating procedures",Employed persons per 1 000 inhabitants,2020,NA
Helseregion Vest,Total,"Service, technical  and/or operating procedures",Employed persons per 1 000 inhabitants,2021,NA
Helseregion Vest,Total,Other occupations,Contracted man-years unadjusted for long term leaves,2008,1305
Helseregion Vest,Total,Other occupations,Contracted man-years unadjusted for long term leaves,2020,314
Helseregion Vest,Total,Other occupations,Contracted man-years unadjusted for long term leaves,2021,323
Helseregion Vest,Total,Other occupations,Contracted man-years adjusted for long term leaves per 1 000 inhabitants,2008,1.16
Helseregion Vest,Total,Other occupations,Contracted man-years adjusted for long term leaves per 1 000 inhabitants,2020,NA
Helseregion Vest,Total,Other occupations,Contracted man-years adjusted for long term leaves per 1 000 inhabitants,2021,NA
Helseregion Vest,Total,Other occupations,Employed persons per 1 000 inhabitants,2008,2.01
Helseregion Vest,Total,Other occupations,Employed persons per 1 000 inhabitants,2020,NA
Helseregion Vest,Total,Other occupations,Employed persons per 1 000 inhabitants,2021,NA
Helseregion Vest,Ambulance service,"Man years, total",Contracted man-years unadjusted for long term leaves,2008,NA
Helseregion Vest,Ambulance service,"Man years, total",Contracted man-years unadjusted for long term leaves,2020,779
Helseregion Vest,Ambulance service,"Man years, total",Contracted man-years unadjusted for long term leaves,2021,782
Helseregion Vest,Ambulance service,"Man years, total",Contracted man-years adjusted for long term leaves per 1 000 inhabitants,2008,NA
Helseregion Vest,Ambulance service,"Man years, total",Contracted man-years adjusted for long term leaves per 1 000 inhabitants,2020,NA
Helseregion Vest,Ambulance service,"Man years, total",Contracted man-years adjusted for long term leaves per 1 000 inhabitants,2021,NA
Helseregion Vest,Ambulance service,"Man years, total",Employed persons per 1 000 inhabitants,2008,NA
Helseregion Vest,Ambulance service,"Man years, total",Employed persons per 1 000 inhabitants,2020,NA
Helseregion Vest,Ambulance service,"Man years, total",Employed persons per 1 000 inhabitants,2021,NA
Helseregion Vest,Ambulance service,"Service, technical  and/or operating procedures",Contracted man-years unadjusted for long term leaves,2008,NA
Helseregion Vest,Ambulance service,"Service, technical  and/or operating procedures",Contracted man-years unadjusted for long term leaves,2020,3
Helseregion Vest,Ambulance service,"Service, technical  and/or operating procedures",Contracted man-years unadjusted for long term leaves,2021,2
Helseregion Vest,Ambulance service,"Service, technical  and/or operating procedures",Contracted man-years adjusted for long term leaves per 1 000 inhabitants,2008,NA
Helseregion Vest,Ambulance service,"Service, technical  and/or operating procedures",Contracted man-years adjusted for long term leaves per 1 000 inhabitants,2020,NA
Helseregion Vest,Ambulance service,"Service, technical  and/or operating procedures",Contracted man-years adjusted for long term leaves per 1 000 inhabitants,2021,NA
Helseregion Vest,Ambulance service,"Service, technical  and/or operating procedures",Employed persons per 1 000 inhabitants,2008,NA
Helseregion Vest,Ambulance service,"Service, technical  and/or operating procedures",Employed persons per 1 000 inhabitants,2020,NA
Helseregion Vest,Ambulance service,"Service, technical  and/or operating procedures",Employed persons per 1 000 inhabitants,2021,NA
Helseregion Vest,Ambulance service,Other occupations,Contracted man-years unadjusted for long term leaves,2008,NA
Helseregion Vest,Ambulance service,Other occupations,Contracted man-years unadjusted for long term leaves,2020,NA
Helseregion Vest,Ambulance service,Other occupations,Contracted man-years unadjusted for long term leaves,2021,NA
Helseregion Vest,Ambulance service,Other occupations,Contracted man-years adjusted for long term leaves per 1 000 inhabitants,2008,NA
Helseregion Vest,Ambulance service,Other occupations,Contracted man-years adjusted for long term leaves per 1 000 inhabitants,2020,NA
Helseregion Vest,Ambulance service,Other occupations,Contracted man-years adjusted for long term leaves per 1 000 inhabitants,2021,NA
Helseregion Vest,Ambulance service,Other occupations,Employed persons per 1 000 inhabitants,2008,NA
Helseregion Vest,Ambulance service,Other occupations,Employed persons per 1 000 inhabitants,2020,NA
Helseregion Vest,Ambulance service,Other occupations,Employed persons per 1 000 inhabitants,2021,NA
Helseregion Vest,Shared services,"Man years, total",Contracted man-years unadjusted for long term leaves,2008,326
Helseregion Vest,Shared services,"Man years, total",Contracted man-years unadjusted for long term leaves,2020,963
Helseregion Vest,Shared services,"Man years, total",Contracted man-years unadjusted for long term leaves,2021,813
Helseregion Vest,Shared services,"Man years, total",Contracted man-years adjusted for long term leaves per 1 000 inhabitants,2008,0.3
Helseregion Vest,Shared services,"Man years, total",Contracted man-years adjusted for long term leaves per 1 000 inhabitants,2020,NA
Helseregion Vest,Shared services,"Man years, total",Contracted man-years adjusted for long term leaves per 1 000 inhabitants,2021,NA
Helseregion Vest,Shared services,"Man years, total",Employed persons per 1 000 inhabitants,2008,0.37
Helseregion Vest,Shared services,"Man years, total",Employed persons per 1 000 inhabitants,2020,NA
Helseregion Vest,Shared services,"Man years, total",Employed persons per 1 000 inhabitants,2021,NA
Helseregion Vest,Shared services,"Service, technical  and/or operating procedures",Contracted man-years unadjusted for long term leaves,2008,6
Helseregion Vest,Shared services,"Service, technical  and/or operating procedures",Contracted man-years unadjusted for long term leaves,2020,61
Helseregion Vest,Shared services,"Service, technical  and/or operating procedures",Contracted man-years unadjusted for long term leaves,2021,66
Helseregion Vest,Shared services,"Service, technical  and/or operating procedures",Contracted man-years adjusted for long term leaves per 1 000 inhabitants,2008,0.01
Helseregion Vest,Shared services,"Service, technical  and/or operating procedures",Contracted man-years adjusted for long term leaves per 1 000 inhabitants,2020,NA
Helseregion Vest,Shared services,"Service, technical  and/or operating procedures",Contracted man-years adjusted for long term leaves per 1 000 inhabitants,2021,NA
Helseregion Vest,Shared services,"Service, technical  and/or operating procedures",Employed persons per 1 000 inhabitants,2008,0.01
Helseregion Vest,Shared services,"Service, technical  and/or operating procedures",Employed persons per 1 000 inhabitants,2020,NA
Helseregion Vest,Shared services,"Service, technical  and/or operating procedures",Employed persons per 1 000 inhabitants,2021,NA
Helseregion Vest,Shared services,Other occupations,Contracted man-years unadjusted for long term leaves,2008,47
Helseregion Vest,Shared services,Other occupations,Contracted man-years unadjusted for long term leaves,2020,31
Helseregion Vest,Shared services,Other occupations,Contracted man-years unadjusted for long term leaves,2021,32
Helseregion Vest,Shared services,Other occupations,Contracted man-years adjusted for long term leaves per 1 000 inhabitants,2008,0.04
Helseregion Vest,Shared services,Other occupations,Contracted man-years adjusted for long term leaves per 1 000 inhabitants,2020,NA
Helseregion Vest,Shared services,Other occupations,Contracted man-years adjusted for long term leaves per 1 000 inhabitants,2021,NA
Helseregion Vest,Shared services,Other occupations,Employed persons per 1 000 inhabitants,2008,0.06
Helseregion Vest,Shared services,Other occupations,Employed persons per 1 000 inhabitants,2020,NA
Helseregion Vest,Shared services,Other occupations,Employed persons per 1 000 inhabitants,2021,NA
HELSEREGION VEST TOTALT,Total,"Man years, total",Contracted man-years unadjusted for long term leaves,2008,NA
HELSEREGION VEST TOTALT,Total,"Man years, total",Contracted man-years unadjusted for long term leaves,2020,NA
HELSEREGION VEST TOTALT,Total,"Man years, total",Contracted man-years unadjusted for long term leaves,2021,NA
HELSEREGION VEST TOTALT,Total,"Man years, total",Contracted man-years adjusted for long term leaves per 1 000 inhabitants,2008,NA
HELSEREGION VEST TOTALT,Total,"Man years, total",Contracted man-years adjusted for long term leaves per 1 000 inhabitants,2020,NA
HELSEREGION VEST TOTALT,Total,"Man years, total",Contracted man-years adjusted for long term leaves per 1 000 inhabitants,2021,NA
HELSEREGION VEST TOTALT,Total,"Man years, total",Employed persons per 1 000 inhabitants,2008,NA
HELSEREGION VEST TOTALT,Total,"Man years, total",Employed persons per 1 000 inhabitants,2020,NA
HELSEREGION VEST TOTALT,Total,"Man years, total",Employed persons per 1 000 inhabitants,2021,NA
HELSEREGION VEST TOTALT,Total,"Service, technical  and/or operating procedures",Contracted man-years unadjusted for long term leaves,2008,NA
HELSEREGION VEST TOTALT,Total,"Service, technical  and/or operating procedures",Contracted man-years unadjusted for long term leaves,2020,NA
HELSEREGION VEST TOTALT,Total,"Service, technical  and/or operating procedures",Contracted man-years unadjusted for long term leaves,2021,NA
HELSEREGION VEST TOTALT,Total,"Service, technical  and/or operating procedures",Contracted man-years adjusted for long term leaves per 1 000 inhabitants,2008,NA
HELSEREGION VEST TOTALT,Total,"Service, technical  and/or operating procedures",Contracted man-years adjusted for long term leaves per 1 000 inhabitants,2020,NA
HELSEREGION VEST TOTALT,Total,"Service, technical  and/or operating procedures",Contracted man-years adjusted for long term leaves per 1 000 inhabitants,2021,NA
HELSEREGION VEST TOTALT,Total,"Service, technical  and/or operating procedures",Employed persons per 1 000 inhabitants,2008,NA
HELSEREGION VEST TOTALT,Total,"Service, technical  and/or operating procedures",Employed persons per 1 000 inhabitants,2020,NA
HELSEREGION VEST TOTALT,Total,"Service, technical  and/or operating procedures",Employed persons per 1 000 inhabitants,2021,NA
HELSEREGION VEST TOTALT,Total,Other occupations,Contracted man-years unadjusted for long term leaves,2008,NA
HELSEREGION VEST TOTALT,Total,Other occupations,Contracted man-years unadjusted for long term leaves,2020,NA
HELSEREGION VEST TOTALT,Total,Other occupations,Contracted man-years unadjusted for long term leaves,2021,NA
HELSEREGION VEST TOTALT,Total,Other occupations,Contracted man-years adjusted for long term leaves per 1 000 inhabitants,2008,NA
HELSEREGION VEST TOTALT,Total,Other occupations,Contracted man-years adjusted for long term leaves per 1 000 inhabitants,2020,NA
HELSEREGION VEST TOTALT,Total,Other occupations,Contracted man-years adjusted for long term leaves per 1 000 inhabitants,2021,NA
HELSEREGION VEST TOTALT,Total,Other occupations,Employed persons per 1 000 inhabitants,2008,NA
HELSEREGION VEST TOTALT,Total,Other occupations,Employed persons per 1 000 inhabitants,2020,NA
HELSEREGION VEST TOTALT,Total,Other occupations,Employed persons per 1 000 inhabitants,2021,NA
HELSEREGION VEST TOTALT,Ambulance service,"Man years, total",Contracted man-years unadjusted for long term leaves,2008,NA
HELSEREGION VEST TOTALT,Ambulance service,"Man years, total",Contracted man-years unadjusted for long term leaves,2020,NA
HELSEREGION VEST TOTALT,Ambulance service,"Man years, total",Contracted man-years unadjusted for long term leaves,2021,NA
HELSEREGION VEST TOTALT,Ambulance service,"Man years, total",Contracted man-years adjusted for long term leaves per 1 000 inhabitants,2008,NA
HELSEREGION VEST TOTALT,Ambulance service,"Man years, total",Contracted man-years adjusted for long term leaves per 1 000 inhabitants,2020,NA
HELSEREGION VEST TOTALT,Ambulance service,"Man years, total",Contracted man-years adjusted for long term leaves per 1 000 inhabitants,2021,NA
HELSEREGION VEST TOTALT,Ambulance service,"Man years, total",Employed persons per 1 000 inhabitants,2008,NA
HELSEREGION VEST TOTALT,Ambulance service,"Man years, total",Employed persons per 1 000 inhabitants,2020,NA
HELSEREGION VEST TOTALT,Ambulance service,"Man years, total",Employed persons per 1 000 inhabitants,2021,NA
HELSEREGION VEST TOTALT,Ambulance service,"Service, technical  and/or operating procedures",Contracted man-years unadjusted for long term leaves,2008,NA
HELSEREGION VEST TOTALT,Ambulance service,"Service, technical  and/or operating procedures",Contracted man-years unadjusted for long term leaves,2020,NA
HELSEREGION VEST TOTALT,Ambulance service,"Service, technical  and/or operating procedures",Contracted man-years unadjusted for long term leaves,2021,NA
HELSEREGION VEST TOTALT,Ambulance service,"Service, technical  and/or operating procedures",Contracted man-years adjusted for long term leaves per 1 000 inhabitants,2008,NA
HELSEREGION VEST TOTALT,Ambulance service,"Service, technical  and/or operating procedures",Contracted man-years adjusted for long term leaves per 1 000 inhabitants,2020,NA
HELSEREGION VEST TOTALT,Ambulance service,"Service, technical  and/or operating procedures",Contracted man-years adjusted for long term leaves per 1 000 inhabitants,2021,NA
HELSEREGION VEST TOTALT,Ambulance service,"Service, technical  and/or operating procedures",Employed persons per 1 000 inhabitants,2008,NA
HELSEREGION VEST TOTALT,Ambulance service,"Service, technical  and/or operating procedures",Employed persons per 1 000 inhabitants,2020,NA
HELSEREGION VEST TOTALT,Ambulance service,"Service, technical  and/or operating procedures",Employed persons per 1 000 inhabitants,2021,NA
HELSEREGION VEST TOTALT,Ambulance service,Other occupations,Contracted man-years unadjusted for long term leaves,2008,NA
HELSEREGION VEST TOTALT,Ambulance service,Other occupations,Contracted man-years unadjusted for long term leaves,2020,NA
HELSEREGION VEST TOTALT,Ambulance service,Other occupations,Contracted man-years unadjusted for long term leaves,2021,NA
HELSEREGION VEST TOTALT,Ambulance service,Other occupations,Contracted man-years adjusted for long term leaves per 1 000 inhabitants,2008,NA
HELSEREGION VEST TOTALT,Ambulance service,Other occupations,Contracted man-years adjusted for long term leaves per 1 000 inhabitants,2020,NA
HELSEREGION VEST TOTALT,Ambulance service,Other occupations,Contracted man-years adjusted for long term leaves per 1 000 inhabitants,2021,NA
HELSEREGION VEST TOTALT,Ambulance service,Other occupations,Employed persons per 1 000 inhabitants,2008,NA
HELSEREGION VEST TOTALT,Ambulance service,Other occupations,Employed persons per 1 000 inhabitants,2020,NA
HELSEREGION VEST TOTALT,Ambulance service,Other occupations,Employed persons per 1 000 inhabitants,2021,NA
HELSEREGION VEST TOTALT,Shared services,"Man years, total",Contracted man-years unadjusted for long term leaves,2008,NA
HELSEREGION VEST TOTALT,Shared services,"Man years, total",Contracted man-years unadjusted for long term leaves,2020,NA
HELSEREGION VEST TOTALT,Shared services,"Man years, total",Contracted man-years unadjusted for long term leaves,2021,NA
HELSEREGION VEST TOTALT,Shared services,"Man years, total",Contracted man-years adjusted for long term leaves per 1 000 inhabitants,2008,NA
HELSEREGION VEST TOTALT,Shared services,"Man years, total",Contracted man-years adjusted for long term leaves per 1 000 inhabitants,2020,NA
HELSEREGION VEST TOTALT,Shared services,"Man years, total",Contracted man-years adjusted for long term leaves per 1 000 inhabitants,2021,NA
HELSEREGION VEST TOTALT,Shared services,"Man years, total",Employed persons per 1 000 inhabitants,2008,NA
HELSEREGION VEST TOTALT,Shared services,"Man years, total",Employed persons per 1 000 inhabitants,2020,NA
HELSEREGION VEST TOTALT,Shared services,"Man years, total",Employed persons per 1 000 inhabitants,2021,NA
HELSEREGION VEST TOTALT,Shared services,"Service, technical  and/or operating procedures",Contracted man-years unadjusted for long term leaves,2008,NA
HELSEREGION VEST TOTALT,Shared services,"Service, technical  and/or operating procedures",Contracted man-years unadjusted for long term leaves,2020,NA
HELSEREGION VEST TOTALT,Shared services,"Service, technical  and/or operating procedures",Contracted man-years unadjusted for long term leaves,2021,NA
HELSEREGION VEST TOTALT,Shared services,"Service, technical  and/or operating procedures",Contracted man-years adjusted for long term leaves per 1 000 inhabitants,2008,NA
HELSEREGION VEST TOTALT,Shared services,"Service, technical  and/or operating procedures",Contracted man-years adjusted for long term leaves per 1 000 inhabitants,2020,NA
HELSEREGION VEST TOTALT,Shared services,"Service, technical  and/or operating procedures",Contracted man-years adjusted for long term leaves per 1 000 inhabitants,2021,NA
HELSEREGION VEST TOTALT,Shared services,"Service, technical  and/or operating procedures",Employed persons per 1 000 inhabitants,2008,NA
HELSEREGION VEST TOTALT,Shared services,"Service, technical  and/or operating procedures",Employed persons per 1 000 inhabitants,2020,NA
HELSEREGION VEST TOTALT,Shared services,"Service, technical  and/or operating procedures",Employed persons per 1 000 inhabitants,2021,NA
HELSEREGION VEST TOTALT,Shared services,Other occupations,Contracted man-years unadjusted for long term leaves,2008,NA
HELSEREGION VEST TOTALT,Shared services,Other occupations,Contracted man-years unadjusted for long term leaves,2020,NA
HELSEREGION VEST TOTALT,Shared services,Other occupations,Contracted man-years unadjusted for long term leaves,2021,NA
HELSEREGION VEST TOTALT,Shared services,Other occupations,Contracted man-years adjusted for long term leaves per 1 000 inhabitants,2008,NA
HELSEREGION VEST TOTALT,Shared services,Other occupations,Contracted man-years adjusted for long term leaves per 1 000 inhabitants,2020,NA
HELSEREGION VEST TOTALT,Shared services,Other occupations,Contracted man-years adjusted for long term leaves per 1 000 inhabitants,2021,NA
HELSEREGION VEST TOTALT,Shared services,Other occupations,Employed persons per 1 000 inhabitants,2008,NA
HELSEREGION VEST TOTALT,Shared services,Other occupations,Employed persons per 1 000 inhabitants,2020,NA
HELSEREGION VEST TOTALT,Shared services,Other occupations,Employed persons per 1 000 inhabitants,2021,NA
Private inst. m/ driftsavtale Helseregion Vest,Total,"Man years, total",Contracted man-years unadjusted for long term leaves,2008,NA
Private inst. m/ driftsavtale Helseregion Vest,Total,"Man years, total",Contracted man-years unadjusted for long term leaves,2020,NA
Private inst. m/ driftsavtale Helseregion Vest,Total,"Man years, total",Contracted man-years unadjusted for long term leaves,2021,NA
Private inst. m/ driftsavtale Helseregion Vest,Total,"Man years, total",Contracted man-years adjusted for long term leaves per 1 000 inhabitants,2008,NA
Private inst. m/ driftsavtale Helseregion Vest,Total,"Man years, total",Contracted man-years adjusted for long term leaves per 1 000 inhabitants,2020,NA
Private inst. m/ driftsavtale Helseregion Vest,Total,"Man years, total",Contracted man-years adjusted for long term leaves per 1 000 inhabitants,2021,NA
Private inst. m/ driftsavtale Helseregion Vest,Total,"Man years, total",Employed persons per 1 000 inhabitants,2008,NA
Private inst. m/ driftsavtale Helseregion Vest,Total,"Man years, total",Employed persons per 1 000 inhabitants,2020,NA
Private inst. m/ driftsavtale Helseregion Vest,Total,"Man years, total",Employed persons per 1 000 inhabitants,2021,NA
Private inst. m/ driftsavtale Helseregion Vest,Total,"Service, technical  and/or operating procedures",Contracted man-years unadjusted for long term leaves,2008,NA
Private inst. m/ driftsavtale Helseregion Vest,Total,"Service, technical  and/or operating procedures",Contracted man-years unadjusted for long term leaves,2020,NA
Private inst. m/ driftsavtale Helseregion Vest,Total,"Service, technical  and/or operating procedures",Contracted man-years unadjusted for long term leaves,2021,NA
Private inst. m/ driftsavtale Helseregion Vest,Total,"Service, technical  and/or operating procedures",Contracted man-years adjusted for long term leaves per 1 000 inhabitants,2008,NA
Private inst. m/ driftsavtale Helseregion Vest,Total,"Service, technical  and/or operating procedures",Contracted man-years adjusted for long term leaves per 1 000 inhabitants,2020,NA
Private inst. m/ driftsavtale Helseregion Vest,Total,"Service, technical  and/or operating procedures",Contracted man-years adjusted for long term leaves per 1 000 inhabitants,2021,NA
Private inst. m/ driftsavtale Helseregion Vest,Total,"Service, technical  and/or operating procedures",Employed persons per 1 000 inhabitants,2008,NA
Private inst. m/ driftsavtale Helseregion Vest,Total,"Service, technical  and/or operating procedures",Employed persons per 1 000 inhabitants,2020,NA
Private inst. m/ driftsavtale Helseregion Vest,Total,"Service, technical  and/or operating procedures",Employed persons per 1 000 inhabitants,2021,NA
Private inst. m/ driftsavtale Helseregion Vest,Total,Other occupations,Contracted man-years unadjusted for long term leaves,2008,NA
Private inst. m/ driftsavtale Helseregion Vest,Total,Other occupations,Contracted man-years unadjusted for long term leaves,2020,NA
Private inst. m/ driftsavtale Helseregion Vest,Total,Other occupations,Contracted man-years unadjusted for long term leaves,2021,NA
Private inst. m/ driftsavtale Helseregion Vest,Total,Other occupations,Contracted man-years adjusted for long term leaves per 1 000 inhabitants,2008,NA
Private inst. m/ driftsavtale Helseregion Vest,Total,Other occupations,Contracted man-years adjusted for long term leaves per 1 000 inhabitants,2020,NA
Private inst. m/ driftsavtale Helseregion Vest,Total,Other occupations,Contracted man-years adjusted for long term leaves per 1 000 inhabitants,2021,NA
Private inst. m/ driftsavtale Helseregion Vest,Total,Other occupations,Employed persons per 1 000 inhabitants,2008,NA
Private inst. m/ driftsavtale Helseregion Vest,Total,Other occupations,Employed persons per 1 000 inhabitants,2020,NA
Private inst. m/ driftsavtale Helseregion Vest,Total,Other occupations,Employed persons per 1 000 inhabitants,2021,NA
Private inst. m/ driftsavtale Helseregion Vest,Ambulance service,"Man years, total",Contracted man-years unadjusted for long term leaves,2008,NA
Private inst. m/ driftsavtale Helseregion Vest,Ambulance service,"Man years, total",Contracted man-years unadjusted for long term leaves,2020,NA
Private inst. m/ driftsavtale Helseregion Vest,Ambulance service,"Man years, total",Contracted man-years unadjusted for long term leaves,2021,NA
Private inst. m/ driftsavtale Helseregion Vest,Ambulance service,"Man years, total",Contracted man-years adjusted for long term leaves per 1 000 inhabitants,2008,NA
Private inst. m/ driftsavtale Helseregion Vest,Ambulance service,"Man years, total",Contracted man-years adjusted for long term leaves per 1 000 inhabitants,2020,NA
Private inst. m/ driftsavtale Helseregion Vest,Ambulance service,"Man years, total",Contracted man-years adjusted for long term leaves per 1 000 inhabitants,2021,NA
Private inst. m/ driftsavtale Helseregion Vest,Ambulance service,"Man years, total",Employed persons per 1 000 inhabitants,2008,NA
Private inst. m/ driftsavtale Helseregion Vest,Ambulance service,"Man years, total",Employed persons per 1 000 inhabitants,2020,NA
Private inst. m/ driftsavtale Helseregion Vest,Ambulance service,"Man years, total",Employed persons per 1 000 inhabitants,2021,NA
Private inst. m/ driftsavtale Helseregion Vest,Ambulance service,"Service, technical  and/or operating procedures",Contracted man-years unadjusted for long term leaves,2008,NA
Private inst. m/ driftsavtale Helseregion Vest,Ambulance service,"Service, technical  and/or operating procedures",Contracted man-years unadjusted for long term leaves,2020,NA
Private inst. m/ driftsavtale Helseregion Vest,Ambulance service,"Service, technical  and/or operating procedures",Contracted man-years unadjusted for long term leaves,2021,NA
Private inst. m/ driftsavtale Helseregion Vest,Ambulance service,"Service, technical  and/or operating procedures",Contracted man-years adjusted for long term leaves per 1 000 inhabitants,2008,NA
Private inst. m/ driftsavtale Helseregion Vest,Ambulance service,"Service, technical  and/or operating procedures",Contracted man-years adjusted for long term leaves per 1 000 inhabitants,2020,NA
Private inst. m/ driftsavtale Helseregion Vest,Ambulance service,"Service, technical  and/or operating procedures",Contracted man-years adjusted for long term leaves per 1 000 inhabitants,2021,NA
Private inst. m/ driftsavtale Helseregion Vest,Ambulance service,"Service, technical  and/or operating procedures",Employed persons per 1 000 inhabitants,2008,NA
Private inst. m/ driftsavtale Helseregion Vest,Ambulance service,"Service, technical  and/or operating procedures",Employed persons per 1 000 inhabitants,2020,NA
Private inst. m/ driftsavtale Helseregion Vest,Ambulance service,"Service, technical  and/or operating procedures",Employed persons per 1 000 inhabitants,2021,NA
Private inst. m/ driftsavtale Helseregion Vest,Ambulance service,Other occupations,Contracted man-years unadjusted for long term leaves,2008,NA
Private inst. m/ driftsavtale Helseregion Vest,Ambulance service,Other occupations,Contracted man-years unadjusted for long term leaves,2020,NA
Private inst. m/ driftsavtale Helseregion Vest,Ambulance service,Other occupations,Contracted man-years unadjusted for long term leaves,2021,NA
Private inst. m/ driftsavtale Helseregion Vest,Ambulance service,Other occupations,Contracted man-years adjusted for long term leaves per 1 000 inhabitants,2008,NA
Private inst. m/ driftsavtale Helseregion Vest,Ambulance service,Other occupations,Contracted man-years adjusted for long term leaves per 1 000 inhabitants,2020,NA
Private inst. m/ driftsavtale Helseregion Vest,Ambulance service,Other occupations,Contracted man-years adjusted for long term leaves per 1 000 inhabitants,2021,NA
Private inst. m/ driftsavtale Helseregion Vest,Ambulance service,Other occupations,Employed persons per 1 000 inhabitants,2008,NA
Private inst. m/ driftsavtale Helseregion Vest,Ambulance service,Other occupations,Employed persons per 1 000 inhabitants,2020,NA
Private inst. m/ driftsavtale Helseregion Vest,Ambulance service,Other occupations,Employed persons per 1 000 inhabitants,2021,NA
Private inst. m/ driftsavtale Helseregion Vest,Shared services,"Man years, total",Contracted man-years unadjusted for long term leaves,2008,NA
Private inst. m/ driftsavtale Helseregion Vest,Shared services,"Man years, total",Contracted man-years unadjusted for long term leaves,2020,NA
Private inst. m/ driftsavtale Helseregion Vest,Shared services,"Man years, total",Contracted man-years unadjusted for long term leaves,2021,NA
Private inst. m/ driftsavtale Helseregion Vest,Shared services,"Man years, total",Contracted man-years adjusted for long term leaves per 1 000 inhabitants,2008,NA
Private inst. m/ driftsavtale Helseregion Vest,Shared services,"Man years, total",Contracted man-years adjusted for long term leaves per 1 000 inhabitants,2020,NA
Private inst. m/ driftsavtale Helseregion Vest,Shared services,"Man years, total",Contracted man-years adjusted for long term leaves per 1 000 inhabitants,2021,NA
Private inst. m/ driftsavtale Helseregion Vest,Shared services,"Man years, total",Employed persons per 1 000 inhabitants,2008,NA
Private inst. m/ driftsavtale Helseregion Vest,Shared services,"Man years, total",Employed persons per 1 000 inhabitants,2020,NA
Private inst. m/ driftsavtale Helseregion Vest,Shared services,"Man years, total",Employed persons per 1 000 inhabitants,2021,NA
Private inst. m/ driftsavtale Helseregion Vest,Shared services,"Service, technical  and/or operating procedures",Contracted man-years unadjusted for long term leaves,2008,NA
Private inst. m/ driftsavtale Helseregion Vest,Shared services,"Service, technical  and/or operating procedures",Contracted man-years unadjusted for long term leaves,2020,NA
Private inst. m/ driftsavtale Helseregion Vest,Shared services,"Service, technical  and/or operating procedures",Contracted man-years unadjusted for long term leaves,2021,NA
Private inst. m/ driftsavtale Helseregion Vest,Shared services,"Service, technical  and/or operating procedures",Contracted man-years adjusted for long term leaves per 1 000 inhabitants,2008,NA
Private inst. m/ driftsavtale Helseregion Vest,Shared services,"Service, technical  and/or operating procedures",Contracted man-years adjusted for long term leaves per 1 000 inhabitants,2020,NA
Private inst. m/ driftsavtale Helseregion Vest,Shared services,"Service, technical  and/or operating procedures",Contracted man-years adjusted for long term leaves per 1 000 inhabitants,2021,NA
Private inst. m/ driftsavtale Helseregion Vest,Shared services,"Service, technical  and/or operating procedures",Employed persons per 1 000 inhabitants,2008,NA
Private inst. m/ driftsavtale Helseregion Vest,Shared services,"Service, technical  and/or operating procedures",Employed persons per 1 000 inhabitants,2020,NA
Private inst. m/ driftsavtale Helseregion Vest,Shared services,"Service, technical  and/or operating procedures",Employed persons per 1 000 inhabitants,2021,NA
Private inst. m/ driftsavtale Helseregion Vest,Shared services,Other occupations,Contracted man-years unadjusted for long term leaves,2008,NA
Private inst. m/ driftsavtale Helseregion Vest,Shared services,Other occupations,Contracted man-years unadjusted for long term leaves,2020,NA
Private inst. m/ driftsavtale Helseregion Vest,Shared services,Other occupations,Contracted man-years unadjusted for long term leaves,2021,NA
Private inst. m/ driftsavtale Helseregion Vest,Shared services,Other occupations,Contracted man-years adjusted for long term leaves per 1 000 inhabitants,2008,NA
Private inst. m/ driftsavtale Helseregion Vest,Shared services,Other occupations,Contracted man-years adjusted for long term leaves per 1 000 inhabitants,2020,NA
Private inst. m/ driftsavtale Helseregion Vest,Shared services,Other occupations,Contracted man-years adjusted for long term leaves per 1 000 inhabitants,2021,NA
Private inst. m/ driftsavtale Helseregion Vest,Shared services,Other occupations,Employed persons per 1 000 inhabitants,2008,NA
Private inst. m/ driftsavtale Helseregion Vest,Shared services,Other occupations,Employed persons per 1 000 inhabitants,2020,NA
Private inst. m/ driftsavtale Helseregion Vest,Shared services,Other occupations,Employed persons per 1 000 inhabitants,2021,NA
Helseregion Midt-Norge,Total,"Man years, total",Contracted man-years unadjusted for long term leaves,2008,13820
Helseregion Midt-Norge,Total,"Man years, total",Contracted man-years unadjusted for long term leaves,2020,17140
Helseregion Midt-Norge,Total,"Man years, total",Contracted man-years unadjusted for long term leaves,2021,17639
Helseregion Midt-Norge,Total,"Man years, total",Contracted man-years adjusted for long term leaves per 1 000 inhabitants,2008,18.81
Helseregion Midt-Norge,Total,"Man years, total",Contracted man-years adjusted for long term leaves per 1 000 inhabitants,2020,NA
Helseregion Midt-Norge,Total,"Man years, total",Contracted man-years adjusted for long term leaves per 1 000 inhabitants,2021,NA
Helseregion Midt-Norge,Total,"Man years, total",Employed persons per 1 000 inhabitants,2008,24.47
Helseregion Midt-Norge,Total,"Man years, total",Employed persons per 1 000 inhabitants,2020,NA
Helseregion Midt-Norge,Total,"Man years, total",Employed persons per 1 000 inhabitants,2021,NA
Helseregion Midt-Norge,Total,"Service, technical  and/or operating procedures",Contracted man-years unadjusted for long term leaves,2008,878
Helseregion Midt-Norge,Total,"Service, technical  and/or operating procedures",Contracted man-years unadjusted for long term leaves,2020,946
Helseregion Midt-Norge,Total,"Service, technical  and/or operating procedures",Contracted man-years unadjusted for long term leaves,2021,956
Helseregion Midt-Norge,Total,"Service, technical  and/or operating procedures",Contracted man-years adjusted for long term leaves per 1 000 inhabitants,2008,1.19
Helseregion Midt-Norge,Total,"Service, technical  and/or operating procedures",Contracted man-years adjusted for long term leaves per 1 000 inhabitants,2020,NA
Helseregion Midt-Norge,Total,"Service, technical  and/or operating procedures",Contracted man-years adjusted for long term leaves per 1 000 inhabitants,2021,NA
Helseregion Midt-Norge,Total,"Service, technical  and/or operating procedures",Employed persons per 1 000 inhabitants,2008,1.58
Helseregion Midt-Norge,Total,"Service, technical  and/or operating procedures",Employed persons per 1 000 inhabitants,2020,NA
Helseregion Midt-Norge,Total,"Service, technical  and/or operating procedures",Employed persons per 1 000 inhabitants,2021,NA
Helseregion Midt-Norge,Total,Other occupations,Contracted man-years unadjusted for long term leaves,2008,384
Helseregion Midt-Norge,Total,Other occupations,Contracted man-years unadjusted for long term leaves,2020,374
Helseregion Midt-Norge,Total,Other occupations,Contracted man-years unadjusted for long term leaves,2021,394
Helseregion Midt-Norge,Total,Other occupations,Contracted man-years adjusted for long term leaves per 1 000 inhabitants,2008,0.53
Helseregion Midt-Norge,Total,Other occupations,Contracted man-years adjusted for long term leaves per 1 000 inhabitants,2020,NA
Helseregion Midt-Norge,Total,Other occupations,Contracted man-years adjusted for long term leaves per 1 000 inhabitants,2021,NA
Helseregion Midt-Norge,Total,Other occupations,Employed persons per 1 000 inhabitants,2008,0.79
Helseregion Midt-Norge,Total,Other occupations,Employed persons per 1 000 inhabitants,2020,NA
Helseregion Midt-Norge,Total,Other occupations,Employed persons per 1 000 inhabitants,2021,NA
Helseregion Midt-Norge,Ambulance service,"Man years, total",Contracted man-years unadjusted for long term leaves,2008,NA
Helseregion Midt-Norge,Ambulance service,"Man years, total",Contracted man-years unadjusted for long term leaves,2020,866
Helseregion Midt-Norge,Ambulance service,"Man years, total",Contracted man-years unadjusted for long term leaves,2021,873
Helseregion Midt-Norge,Ambulance service,"Man years, total",Contracted man-years adjusted for long term leaves per 1 000 inhabitants,2008,NA
Helseregion Midt-Norge,Ambulance service,"Man years, total",Contracted man-years adjusted for long term leaves per 1 000 inhabitants,2020,NA
Helseregion Midt-Norge,Ambulance service,"Man years, total",Contracted man-years adjusted for long term leaves per 1 000 inhabitants,2021,NA
Helseregion Midt-Norge,Ambulance service,"Man years, total",Employed persons per 1 000 inhabitants,2008,NA
Helseregion Midt-Norge,Ambulance service,"Man years, total",Employed persons per 1 000 inhabitants,2020,NA
Helseregion Midt-Norge,Ambulance service,"Man years, total",Employed persons per 1 000 inhabitants,2021,NA
Helseregion Midt-Norge,Ambulance service,"Service, technical  and/or operating procedures",Contracted man-years unadjusted for long term leaves,2008,NA
Helseregion Midt-Norge,Ambulance service,"Service, technical  and/or operating procedures",Contracted man-years unadjusted for long term leaves,2020,1
Helseregion Midt-Norge,Ambulance service,"Service, technical  and/or operating procedures",Contracted man-years unadjusted for long term leaves,2021,NA
Helseregion Midt-Norge,Ambulance service,"Service, technical  and/or operating procedures",Contracted man-years adjusted for long term leaves per 1 000 inhabitants,2008,NA
Helseregion Midt-Norge,Ambulance service,"Service, technical  and/or operating procedures",Contracted man-years adjusted for long term leaves per 1 000 inhabitants,2020,NA
Helseregion Midt-Norge,Ambulance service,"Service, technical  and/or operating procedures",Contracted man-years adjusted for long term leaves per 1 000 inhabitants,2021,NA
Helseregion Midt-Norge,Ambulance service,"Service, technical  and/or operating procedures",Employed persons per 1 000 inhabitants,2008,NA
Helseregion Midt-Norge,Ambulance service,"Service, technical  and/or operating procedures",Employed persons per 1 000 inhabitants,2020,NA
Helseregion Midt-Norge,Ambulance service,"Service, technical  and/or operating procedures",Employed persons per 1 000 inhabitants,2021,NA
Helseregion Midt-Norge,Ambulance service,Other occupations,Contracted man-years unadjusted for long term leaves,2008,NA
Helseregion Midt-Norge,Ambulance service,Other occupations,Contracted man-years unadjusted for long term leaves,2020,1
Helseregion Midt-Norge,Ambulance service,Other occupations,Contracted man-years unadjusted for long term leaves,2021,3
Helseregion Midt-Norge,Ambulance service,Other occupations,Contracted man-years adjusted for long term leaves per 1 000 inhabitants,2008,NA
Helseregion Midt-Norge,Ambulance service,Other occupations,Contracted man-years adjusted for long term leaves per 1 000 inhabitants,2020,NA
Helseregion Midt-Norge,Ambulance service,Other occupations,Contracted man-years adjusted for long term leaves per 1 000 inhabitants,2021,NA
Helseregion Midt-Norge,Ambulance service,Other occupations,Employed persons per 1 000 inhabitants,2008,NA
Helseregion Midt-Norge,Ambulance service,Other occupations,Employed persons per 1 000 inhabitants,2020,NA
Helseregion Midt-Norge,Ambulance service,Other occupations,Employed persons per 1 000 inhabitants,2021,NA
Helseregion Midt-Norge,Shared services,"Man years, total",Contracted man-years unadjusted for long term leaves,2008,1624
Helseregion Midt-Norge,Shared services,"Man years, total",Contracted man-years unadjusted for long term leaves,2020,2084
Helseregion Midt-Norge,Shared services,"Man years, total",Contracted man-years unadjusted for long term leaves,2021,676
Helseregion Midt-Norge,Shared services,"Man years, total",Contracted man-years adjusted for long term leaves per 1 000 inhabitants,2008,2.24
Helseregion Midt-Norge,Shared services,"Man years, total",Contracted man-years adjusted for long term leaves per 1 000 inhabitants,2020,NA
Helseregion Midt-Norge,Shared services,"Man years, total",Contracted man-years adjusted for long term leaves per 1 000 inhabitants,2021,NA
Helseregion Midt-Norge,Shared services,"Man years, total",Employed persons per 1 000 inhabitants,2008,2.71
Helseregion Midt-Norge,Shared services,"Man years, total",Employed persons per 1 000 inhabitants,2020,NA
Helseregion Midt-Norge,Shared services,"Man years, total",Employed persons per 1 000 inhabitants,2021,NA
Helseregion Midt-Norge,Shared services,"Service, technical  and/or operating procedures",Contracted man-years unadjusted for long term leaves,2008,407
Helseregion Midt-Norge,Shared services,"Service, technical  and/or operating procedures",Contracted man-years unadjusted for long term leaves,2020,444
Helseregion Midt-Norge,Shared services,"Service, technical  and/or operating procedures",Contracted man-years unadjusted for long term leaves,2021,15
Helseregion Midt-Norge,Shared services,"Service, technical  and/or operating procedures",Contracted man-years adjusted for long term leaves per 1 000 inhabitants,2008,0.56
Helseregion Midt-Norge,Shared services,"Service, technical  and/or operating procedures",Contracted man-years adjusted for long term leaves per 1 000 inhabitants,2020,NA
Helseregion Midt-Norge,Shared services,"Service, technical  and/or operating procedures",Contracted man-years adjusted for long term leaves per 1 000 inhabitants,2021,NA
Helseregion Midt-Norge,Shared services,"Service, technical  and/or operating procedures",Employed persons per 1 000 inhabitants,2008,0.72
Helseregion Midt-Norge,Shared services,"Service, technical  and/or operating procedures",Employed persons per 1 000 inhabitants,2020,NA
Helseregion Midt-Norge,Shared services,"Service, technical  and/or operating procedures",Employed persons per 1 000 inhabitants,2021,NA
Helseregion Midt-Norge,Shared services,Other occupations,Contracted man-years unadjusted for long term leaves,2008,95
Helseregion Midt-Norge,Shared services,Other occupations,Contracted man-years unadjusted for long term leaves,2020,129
Helseregion Midt-Norge,Shared services,Other occupations,Contracted man-years unadjusted for long term leaves,2021,5
Helseregion Midt-Norge,Shared services,Other occupations,Contracted man-years adjusted for long term leaves per 1 000 inhabitants,2008,0.13
Helseregion Midt-Norge,Shared services,Other occupations,Contracted man-years adjusted for long term leaves per 1 000 inhabitants,2020,NA
Helseregion Midt-Norge,Shared services,Other occupations,Contracted man-years adjusted for long term leaves per 1 000 inhabitants,2021,NA
Helseregion Midt-Norge,Shared services,Other occupations,Employed persons per 1 000 inhabitants,2008,0.16
Helseregion Midt-Norge,Shared services,Other occupations,Employed persons per 1 000 inhabitants,2020,NA
Helseregion Midt-Norge,Shared services,Other occupations,Employed persons per 1 000 inhabitants,2021,NA
HELSEREGION MIDT-NORGE TOTALT,Total,"Man years, total",Contracted man-years unadjusted for long term leaves,2008,NA
HELSEREGION MIDT-NORGE TOTALT,Total,"Man years, total",Contracted man-years unadjusted for long term leaves,2020,NA
HELSEREGION MIDT-NORGE TOTALT,Total,"Man years, total",Contracted man-years unadjusted for long term leaves,2021,NA
HELSEREGION MIDT-NORGE TOTALT,Total,"Man years, total",Contracted man-years adjusted for long term leaves per 1 000 inhabitants,2008,NA
HELSEREGION MIDT-NORGE TOTALT,Total,"Man years, total",Contracted man-years adjusted for long term leaves per 1 000 inhabitants,2020,NA
HELSEREGION MIDT-NORGE TOTALT,Total,"Man years, total",Contracted man-years adjusted for long term leaves per 1 000 inhabitants,2021,NA
HELSEREGION MIDT-NORGE TOTALT,Total,"Man years, total",Employed persons per 1 000 inhabitants,2008,NA
HELSEREGION MIDT-NORGE TOTALT,Total,"Man years, total",Employed persons per 1 000 inhabitants,2020,NA
HELSEREGION MIDT-NORGE TOTALT,Total,"Man years, total",Employed persons per 1 000 inhabitants,2021,NA
HELSEREGION MIDT-NORGE TOTALT,Total,"Service, technical  and/or operating procedures",Contracted man-years unadjusted for long term leaves,2008,NA
HELSEREGION MIDT-NORGE TOTALT,Total,"Service, technical  and/or operating procedures",Contracted man-years unadjusted for long term leaves,2020,NA
HELSEREGION MIDT-NORGE TOTALT,Total,"Service, technical  and/or operating procedures",Contracted man-years unadjusted for long term leaves,2021,NA
HELSEREGION MIDT-NORGE TOTALT,Total,"Service, technical  and/or operating procedures",Contracted man-years adjusted for long term leaves per 1 000 inhabitants,2008,NA
HELSEREGION MIDT-NORGE TOTALT,Total,"Service, technical  and/or operating procedures",Contracted man-years adjusted for long term leaves per 1 000 inhabitants,2020,NA
HELSEREGION MIDT-NORGE TOTALT,Total,"Service, technical  and/or operating procedures",Contracted man-years adjusted for long term leaves per 1 000 inhabitants,2021,NA
HELSEREGION MIDT-NORGE TOTALT,Total,"Service, technical  and/or operating procedures",Employed persons per 1 000 inhabitants,2008,NA
HELSEREGION MIDT-NORGE TOTALT,Total,"Service, technical  and/or operating procedures",Employed persons per 1 000 inhabitants,2020,NA
HELSEREGION MIDT-NORGE TOTALT,Total,"Service, technical  and/or operating procedures",Employed persons per 1 000 inhabitants,2021,NA
HELSEREGION MIDT-NORGE TOTALT,Total,Other occupations,Contracted man-years unadjusted for long term leaves,2008,NA
HELSEREGION MIDT-NORGE TOTALT,Total,Other occupations,Contracted man-years unadjusted for long term leaves,2020,NA
HELSEREGION MIDT-NORGE TOTALT,Total,Other occupations,Contracted man-years unadjusted for long term leaves,2021,NA
HELSEREGION MIDT-NORGE TOTALT,Total,Other occupations,Contracted man-years adjusted for long term leaves per 1 000 inhabitants,2008,NA
HELSEREGION MIDT-NORGE TOTALT,Total,Other occupations,Contracted man-years adjusted for long term leaves per 1 000 inhabitants,2020,NA
HELSEREGION MIDT-NORGE TOTALT,Total,Other occupations,Contracted man-years adjusted for long term leaves per 1 000 inhabitants,2021,NA
HELSEREGION MIDT-NORGE TOTALT,Total,Other occupations,Employed persons per 1 000 inhabitants,2008,NA
HELSEREGION MIDT-NORGE TOTALT,Total,Other occupations,Employed persons per 1 000 inhabitants,2020,NA
HELSEREGION MIDT-NORGE TOTALT,Total,Other occupations,Employed persons per 1 000 inhabitants,2021,NA
HELSEREGION MIDT-NORGE TOTALT,Ambulance service,"Man years, total",Contracted man-years unadjusted for long term leaves,2008,NA
HELSEREGION MIDT-NORGE TOTALT,Ambulance service,"Man years, total",Contracted man-years unadjusted for long term leaves,2020,NA
HELSEREGION MIDT-NORGE TOTALT,Ambulance service,"Man years, total",Contracted man-years unadjusted for long term leaves,2021,NA
HELSEREGION MIDT-NORGE TOTALT,Ambulance service,"Man years, total",Contracted man-years adjusted for long term leaves per 1 000 inhabitants,2008,NA
HELSEREGION MIDT-NORGE TOTALT,Ambulance service,"Man years, total",Contracted man-years adjusted for long term leaves per 1 000 inhabitants,2020,NA
HELSEREGION MIDT-NORGE TOTALT,Ambulance service,"Man years, total",Contracted man-years adjusted for long term leaves per 1 000 inhabitants,2021,NA
HELSEREGION MIDT-NORGE TOTALT,Ambulance service,"Man years, total",Employed persons per 1 000 inhabitants,2008,NA
HELSEREGION MIDT-NORGE TOTALT,Ambulance service,"Man years, total",Employed persons per 1 000 inhabitants,2020,NA
HELSEREGION MIDT-NORGE TOTALT,Ambulance service,"Man years, total",Employed persons per 1 000 inhabitants,2021,NA
HELSEREGION MIDT-NORGE TOTALT,Ambulance service,"Service, technical  and/or operating procedures",Contracted man-years unadjusted for long term leaves,2008,NA
HELSEREGION MIDT-NORGE TOTALT,Ambulance service,"Service, technical  and/or operating procedures",Contracted man-years unadjusted for long term leaves,2020,NA
HELSEREGION MIDT-NORGE TOTALT,Ambulance service,"Service, technical  and/or operating procedures",Contracted man-years unadjusted for long term leaves,2021,NA
HELSEREGION MIDT-NORGE TOTALT,Ambulance service,"Service, technical  and/or operating procedures",Contracted man-years adjusted for long term leaves per 1 000 inhabitants,2008,NA
HELSEREGION MIDT-NORGE TOTALT,Ambulance service,"Service, technical  and/or operating procedures",Contracted man-years adjusted for long term leaves per 1 000 inhabitants,2020,NA
HELSEREGION MIDT-NORGE TOTALT,Ambulance service,"Service, technical  and/or operating procedures",Contracted man-years adjusted for long term leaves per 1 000 inhabitants,2021,NA
HELSEREGION MIDT-NORGE TOTALT,Ambulance service,"Service, technical  and/or operating procedures",Employed persons per 1 000 inhabitants,2008,NA
HELSEREGION MIDT-NORGE TOTALT,Ambulance service,"Service, technical  and/or operating procedures",Employed persons per 1 000 inhabitants,2020,NA
HELSEREGION MIDT-NORGE TOTALT,Ambulance service,"Service, technical  and/or operating procedures",Employed persons per 1 000 inhabitants,2021,NA
HELSEREGION MIDT-NORGE TOTALT,Ambulance service,Other occupations,Contracted man-years unadjusted for long term leaves,2008,NA
HELSEREGION MIDT-NORGE TOTALT,Ambulance service,Other occupations,Contracted man-years unadjusted for long term leaves,2020,NA
HELSEREGION MIDT-NORGE TOTALT,Ambulance service,Other occupations,Contracted man-years unadjusted for long term leaves,2021,NA
HELSEREGION MIDT-NORGE TOTALT,Ambulance service,Other occupations,Contracted man-years adjusted for long term leaves per 1 000 inhabitants,2008,NA
HELSEREGION MIDT-NORGE TOTALT,Ambulance service,Other occupations,Contracted man-years adjusted for long term leaves per 1 000 inhabitants,2020,NA
HELSEREGION MIDT-NORGE TOTALT,Ambulance service,Other occupations,Contracted man-years adjusted for long term leaves per 1 000 inhabitants,2021,NA
HELSEREGION MIDT-NORGE TOTALT,Ambulance service,Other occupations,Employed persons per 1 000 inhabitants,2008,NA
HELSEREGION MIDT-NORGE TOTALT,Ambulance service,Other occupations,Employed persons per 1 000 inhabitants,2020,NA
HELSEREGION MIDT-NORGE TOTALT,Ambulance service,Other occupations,Employed persons per 1 000 inhabitants,2021,NA
HELSEREGION MIDT-NORGE TOTALT,Shared services,"Man years, total",Contracted man-years unadjusted for long term leaves,2008,NA
HELSEREGION MIDT-NORGE TOTALT,Shared services,"Man years, total",Contracted man-years unadjusted for long term leaves,2020,NA
HELSEREGION MIDT-NORGE TOTALT,Shared services,"Man years, total",Contracted man-years unadjusted for long term leaves,2021,NA
HELSEREGION MIDT-NORGE TOTALT,Shared services,"Man years, total",Contracted man-years adjusted for long term leaves per 1 000 inhabitants,2008,NA
HELSEREGION MIDT-NORGE TOTALT,Shared services,"Man years, total",Contracted man-years adjusted for long term leaves per 1 000 inhabitants,2020,NA
HELSEREGION MIDT-NORGE TOTALT,Shared services,"Man years, total",Contracted man-years adjusted for long term leaves per 1 000 inhabitants,2021,NA
HELSEREGION MIDT-NORGE TOTALT,Shared services,"Man years, total",Employed persons per 1 000 inhabitants,2008,NA
HELSEREGION MIDT-NORGE TOTALT,Shared services,"Man years, total",Employed persons per 1 000 inhabitants,2020,NA
HELSEREGION MIDT-NORGE TOTALT,Shared services,"Man years, total",Employed persons per 1 000 inhabitants,2021,NA
HELSEREGION MIDT-NORGE TOTALT,Shared services,"Service, technical  and/or operating procedures",Contracted man-years unadjusted for long term leaves,2008,NA
HELSEREGION MIDT-NORGE TOTALT,Shared services,"Service, technical  and/or operating procedures",Contracted man-years unadjusted for long term leaves,2020,NA
HELSEREGION MIDT-NORGE TOTALT,Shared services,"Service, technical  and/or operating procedures",Contracted man-years unadjusted for long term leaves,2021,NA
HELSEREGION MIDT-NORGE TOTALT,Shared services,"Service, technical  and/or operating procedures",Contracted man-years adjusted for long term leaves per 1 000 inhabitants,2008,NA
HELSEREGION MIDT-NORGE TOTALT,Shared services,"Service, technical  and/or operating procedures",Contracted man-years adjusted for long term leaves per 1 000 inhabitants,2020,NA
HELSEREGION MIDT-NORGE TOTALT,Shared services,"Service, technical  and/or operating procedures",Contracted man-years adjusted for long term leaves per 1 000 inhabitants,2021,NA
HELSEREGION MIDT-NORGE TOTALT,Shared services,"Service, technical  and/or operating procedures",Employed persons per 1 000 inhabitants,2008,NA
HELSEREGION MIDT-NORGE TOTALT,Shared services,"Service, technical  and/or operating procedures",Employed persons per 1 000 inhabitants,2020,NA
HELSEREGION MIDT-NORGE TOTALT,Shared services,"Service, technical  and/or operating procedures",Employed persons per 1 000 inhabitants,2021,NA
HELSEREGION MIDT-NORGE TOTALT,Shared services,Other occupations,Contracted man-years unadjusted for long term leaves,2008,NA
HELSEREGION MIDT-NORGE TOTALT,Shared services,Other occupations,Contracted man-years unadjusted for long term leaves,2020,NA
HELSEREGION MIDT-NORGE TOTALT,Shared services,Other occupations,Contracted man-years unadjusted for long term leaves,2021,NA
HELSEREGION MIDT-NORGE TOTALT,Shared services,Other occupations,Contracted man-years adjusted for long term leaves per 1 000 inhabitants,2008,NA
HELSEREGION MIDT-NORGE TOTALT,Shared services,Other occupations,Contracted man-years adjusted for long term leaves per 1 000 inhabitants,2020,NA
HELSEREGION MIDT-NORGE TOTALT,Shared services,Other occupations,Contracted man-years adjusted for long term leaves per 1 000 inhabitants,2021,NA
HELSEREGION MIDT-NORGE TOTALT,Shared services,Other occupations,Employed persons per 1 000 inhabitants,2008,NA
HELSEREGION MIDT-NORGE TOTALT,Shared services,Other occupations,Employed persons per 1 000 inhabitants,2020,NA
HELSEREGION MIDT-NORGE TOTALT,Shared services,Other occupations,Employed persons per 1 000 inhabitants,2021,NA
Private inst. m/ driftsavtale Helseregion Midt-Norge,Total,"Man years, total",Contracted man-years unadjusted for long term leaves,2008,NA
Private inst. m/ driftsavtale Helseregion Midt-Norge,Total,"Man years, total",Contracted man-years unadjusted for long term leaves,2020,NA
Private inst. m/ driftsavtale Helseregion Midt-Norge,Total,"Man years, total",Contracted man-years unadjusted for long term leaves,2021,NA
Private inst. m/ driftsavtale Helseregion Midt-Norge,Total,"Man years, total",Contracted man-years adjusted for long term leaves per 1 000 inhabitants,2008,NA
Private inst. m/ driftsavtale Helseregion Midt-Norge,Total,"Man years, total",Contracted man-years adjusted for long term leaves per 1 000 inhabitants,2020,NA
Private inst. m/ driftsavtale Helseregion Midt-Norge,Total,"Man years, total",Contracted man-years adjusted for long term leaves per 1 000 inhabitants,2021,NA
Private inst. m/ driftsavtale Helseregion Midt-Norge,Total,"Man years, total",Employed persons per 1 000 inhabitants,2008,NA
Private inst. m/ driftsavtale Helseregion Midt-Norge,Total,"Man years, total",Employed persons per 1 000 inhabitants,2020,NA
Private inst. m/ driftsavtale Helseregion Midt-Norge,Total,"Man years, total",Employed persons per 1 000 inhabitants,2021,NA
Private inst. m/ driftsavtale Helseregion Midt-Norge,Total,"Service, technical  and/or operating procedures",Contracted man-years unadjusted for long term leaves,2008,NA
Private inst. m/ driftsavtale Helseregion Midt-Norge,Total,"Service, technical  and/or operating procedures",Contracted man-years unadjusted for long term leaves,2020,NA
Private inst. m/ driftsavtale Helseregion Midt-Norge,Total,"Service, technical  and/or operating procedures",Contracted man-years unadjusted for long term leaves,2021,NA
Private inst. m/ driftsavtale Helseregion Midt-Norge,Total,"Service, technical  and/or operating procedures",Contracted man-years adjusted for long term leaves per 1 000 inhabitants,2008,NA
Private inst. m/ driftsavtale Helseregion Midt-Norge,Total,"Service, technical  and/or operating procedures",Contracted man-years adjusted for long term leaves per 1 000 inhabitants,2020,NA
Private inst. m/ driftsavtale Helseregion Midt-Norge,Total,"Service, technical  and/or operating procedures",Contracted man-years adjusted for long term leaves per 1 000 inhabitants,2021,NA
Private inst. m/ driftsavtale Helseregion Midt-Norge,Total,"Service, technical  and/or operating procedures",Employed persons per 1 000 inhabitants,2008,NA
Private inst. m/ driftsavtale Helseregion Midt-Norge,Total,"Service, technical  and/or operating procedures",Employed persons per 1 000 inhabitants,2020,NA
Private inst. m/ driftsavtale Helseregion Midt-Norge,Total,"Service, technical  and/or operating procedures",Employed persons per 1 000 inhabitants,2021,NA
Private inst. m/ driftsavtale Helseregion Midt-Norge,Total,Other occupations,Contracted man-years unadjusted for long term leaves,2008,NA
Private inst. m/ driftsavtale Helseregion Midt-Norge,Total,Other occupations,Contracted man-years unadjusted for long term leaves,2020,NA
Private inst. m/ driftsavtale Helseregion Midt-Norge,Total,Other occupations,Contracted man-years unadjusted for long term leaves,2021,NA
Private inst. m/ driftsavtale Helseregion Midt-Norge,Total,Other occupations,Contracted man-years adjusted for long term leaves per 1 000 inhabitants,2008,NA
Private inst. m/ driftsavtale Helseregion Midt-Norge,Total,Other occupations,Contracted man-years adjusted for long term leaves per 1 000 inhabitants,2020,NA
Private inst. m/ driftsavtale Helseregion Midt-Norge,Total,Other occupations,Contracted man-years adjusted for long term leaves per 1 000 inhabitants,2021,NA
Private inst. m/ driftsavtale Helseregion Midt-Norge,Total,Other occupations,Employed persons per 1 000 inhabitants,2008,NA
Private inst. m/ driftsavtale Helseregion Midt-Norge,Total,Other occupations,Employed persons per 1 000 inhabitants,2020,NA
Private inst. m/ driftsavtale Helseregion Midt-Norge,Total,Other occupations,Employed persons per 1 000 inhabitants,2021,NA
Private inst. m/ driftsavtale Helseregion Midt-Norge,Ambulance service,"Man years, total",Contracted man-years unadjusted for long term leaves,2008,NA
Private inst. m/ driftsavtale Helseregion Midt-Norge,Ambulance service,"Man years, total",Contracted man-years unadjusted for long term leaves,2020,NA
Private inst. m/ driftsavtale Helseregion Midt-Norge,Ambulance service,"Man years, total",Contracted man-years unadjusted for long term leaves,2021,NA
Private inst. m/ driftsavtale Helseregion Midt-Norge,Ambulance service,"Man years, total",Contracted man-years adjusted for long term leaves per 1 000 inhabitants,2008,NA
Private inst. m/ driftsavtale Helseregion Midt-Norge,Ambulance service,"Man years, total",Contracted man-years adjusted for long term leaves per 1 000 inhabitants,2020,NA
Private inst. m/ driftsavtale Helseregion Midt-Norge,Ambulance service,"Man years, total",Contracted man-years adjusted for long term leaves per 1 000 inhabitants,2021,NA
Private inst. m/ driftsavtale Helseregion Midt-Norge,Ambulance service,"Man years, total",Employed persons per 1 000 inhabitants,2008,NA
Private inst. m/ driftsavtale Helseregion Midt-Norge,Ambulance service,"Man years, total",Employed persons per 1 000 inhabitants,2020,NA
Private inst. m/ driftsavtale Helseregion Midt-Norge,Ambulance service,"Man years, total",Employed persons per 1 000 inhabitants,2021,NA
Private inst. m/ driftsavtale Helseregion Midt-Norge,Ambulance service,"Service, technical  and/or operating procedures",Contracted man-years unadjusted for long term leaves,2008,NA
Private inst. m/ driftsavtale Helseregion Midt-Norge,Ambulance service,"Service, technical  and/or operating procedures",Contracted man-years unadjusted for long term leaves,2020,NA
Private inst. m/ driftsavtale Helseregion Midt-Norge,Ambulance service,"Service, technical  and/or operating procedures",Contracted man-years unadjusted for long term leaves,2021,NA
Private inst. m/ driftsavtale Helseregion Midt-Norge,Ambulance service,"Service, technical  and/or operating procedures",Contracted man-years adjusted for long term leaves per 1 000 inhabitants,2008,NA
Private inst. m/ driftsavtale Helseregion Midt-Norge,Ambulance service,"Service, technical  and/or operating procedures",Contracted man-years adjusted for long term leaves per 1 000 inhabitants,2020,NA
Private inst. m/ driftsavtale Helseregion Midt-Norge,Ambulance service,"Service, technical  and/or operating procedures",Contracted man-years adjusted for long term leaves per 1 000 inhabitants,2021,NA
Private inst. m/ driftsavtale Helseregion Midt-Norge,Ambulance service,"Service, technical  and/or operating procedures",Employed persons per 1 000 inhabitants,2008,NA
Private inst. m/ driftsavtale Helseregion Midt-Norge,Ambulance service,"Service, technical  and/or operating procedures",Employed persons per 1 000 inhabitants,2020,NA
Private inst. m/ driftsavtale Helseregion Midt-Norge,Ambulance service,"Service, technical  and/or operating procedures",Employed persons per 1 000 inhabitants,2021,NA
Private inst. m/ driftsavtale Helseregion Midt-Norge,Ambulance service,Other occupations,Contracted man-years unadjusted for long term leaves,2008,NA
Private inst. m/ driftsavtale Helseregion Midt-Norge,Ambulance service,Other occupations,Contracted man-years unadjusted for long term leaves,2020,NA
Private inst. m/ driftsavtale Helseregion Midt-Norge,Ambulance service,Other occupations,Contracted man-years unadjusted for long term leaves,2021,NA
Private inst. m/ driftsavtale Helseregion Midt-Norge,Ambulance service,Other occupations,Contracted man-years adjusted for long term leaves per 1 000 inhabitants,2008,NA
Private inst. m/ driftsavtale Helseregion Midt-Norge,Ambulance service,Other occupations,Contracted man-years adjusted for long term leaves per 1 000 inhabitants,2020,NA
Private inst. m/ driftsavtale Helseregion Midt-Norge,Ambulance service,Other occupations,Contracted man-years adjusted for long term leaves per 1 000 inhabitants,2021,NA
Private inst. m/ driftsavtale Helseregion Midt-Norge,Ambulance service,Other occupations,Employed persons per 1 000 inhabitants,2008,NA
Private inst. m/ driftsavtale Helseregion Midt-Norge,Ambulance service,Other occupations,Employed persons per 1 000 inhabitants,2020,NA
Private inst. m/ driftsavtale Helseregion Midt-Norge,Ambulance service,Other occupations,Employed persons per 1 000 inhabitants,2021,NA
Private inst. m/ driftsavtale Helseregion Midt-Norge,Shared services,"Man years, total",Contracted man-years unadjusted for long term leaves,2008,NA
Private inst. m/ driftsavtale Helseregion Midt-Norge,Shared services,"Man years, total",Contracted man-years unadjusted for long term leaves,2020,NA
Private inst. m/ driftsavtale Helseregion Midt-Norge,Shared services,"Man years, total",Contracted man-years unadjusted for long term leaves,2021,NA
Private inst. m/ driftsavtale Helseregion Midt-Norge,Shared services,"Man years, total",Contracted man-years adjusted for long term leaves per 1 000 inhabitants,2008,NA
Private inst. m/ driftsavtale Helseregion Midt-Norge,Shared services,"Man years, total",Contracted man-years adjusted for long term leaves per 1 000 inhabitants,2020,NA
Private inst. m/ driftsavtale Helseregion Midt-Norge,Shared services,"Man years, total",Contracted man-years adjusted for long term leaves per 1 000 inhabitants,2021,NA
Private inst. m/ driftsavtale Helseregion Midt-Norge,Shared services,"Man years, total",Employed persons per 1 000 inhabitants,2008,NA
Private inst. m/ driftsavtale Helseregion Midt-Norge,Shared services,"Man years, total",Employed persons per 1 000 inhabitants,2020,NA
Private inst. m/ driftsavtale Helseregion Midt-Norge,Shared services,"Man years, total",Employed persons per 1 000 inhabitants,2021,NA
Private inst. m/ driftsavtale Helseregion Midt-Norge,Shared services,"Service, technical  and/or operating procedures",Contracted man-years unadjusted for long term leaves,2008,NA
Private inst. m/ driftsavtale Helseregion Midt-Norge,Shared services,"Service, technical  and/or operating procedures",Contracted man-years unadjusted for long term leaves,2020,NA
Private inst. m/ driftsavtale Helseregion Midt-Norge,Shared services,"Service, technical  and/or operating procedures",Contracted man-years unadjusted for long term leaves,2021,NA
Private inst. m/ driftsavtale Helseregion Midt-Norge,Shared services,"Service, technical  and/or operating procedures",Contracted man-years adjusted for long term leaves per 1 000 inhabitants,2008,NA
Private inst. m/ driftsavtale Helseregion Midt-Norge,Shared services,"Service, technical  and/or operating procedures",Contracted man-years adjusted for long term leaves per 1 000 inhabitants,2020,NA
Private inst. m/ driftsavtale Helseregion Midt-Norge,Shared services,"Service, technical  and/or operating procedures",Contracted man-years adjusted for long term leaves per 1 000 inhabitants,2021,NA
Private inst. m/ driftsavtale Helseregion Midt-Norge,Shared services,"Service, technical  and/or operating procedures",Employed persons per 1 000 inhabitants,2008,NA
Private inst. m/ driftsavtale Helseregion Midt-Norge,Shared services,"Service, technical  and/or operating procedures",Employed persons per 1 000 inhabitants,2020,NA
Private inst. m/ driftsavtale Helseregion Midt-Norge,Shared services,"Service, technical  and/or operating procedures",Employed persons per 1 000 inhabitants,2021,NA
Private inst. m/ driftsavtale Helseregion Midt-Norge,Shared services,Other occupations,Contracted man-years unadjusted for long term leaves,2008,NA
Private inst. m/ driftsavtale Helseregion Midt-Norge,Shared services,Other occupations,Contracted man-years unadjusted for long term leaves,2020,NA
Private inst. m/ driftsavtale Helseregion Midt-Norge,Shared services,Other occupations,Contracted man-years unadjusted for long term leaves,2021,NA
Private inst. m/ driftsavtale Helseregion Midt-Norge,Shared services,Other occupations,Contracted man-years adjusted for long term leaves per 1 000 inhabitants,2008,NA
Private inst. m/ driftsavtale Helseregion Midt-Norge,Shared services,Other occupations,Contracted man-years adjusted for long term leaves per 1 000 inhabitants,2020,NA
Private inst. m/ driftsavtale Helseregion Midt-Norge,Shared services,Other occupations,Contracted man-years adjusted for long term leaves per 1 000 inhabitants,2021,NA
Private inst. m/ driftsavtale Helseregion Midt-Norge,Shared services,Other occupations,Employed persons per 1 000 inhabitants,2008,NA
Private inst. m/ driftsavtale Helseregion Midt-Norge,Shared services,Other occupations,Employed persons per 1 000 inhabitants,2020,NA
Private inst. m/ driftsavtale Helseregion Midt-Norge,Shared services,Other occupations,Employed persons per 1 000 inhabitants,2021,NA
Helseregion Nord,Total,"Man years, total",Contracted man-years unadjusted for long term leaves,2008,11438
Helseregion Nord,Total,"Man years, total",Contracted man-years unadjusted for long term leaves,2020,14414
Helseregion Nord,Total,"Man years, total",Contracted man-years unadjusted for long term leaves,2021,14948
Helseregion Nord,Total,"Man years, total",Contracted man-years adjusted for long term leaves per 1 000 inhabitants,2008,22.28
Helseregion Nord,Total,"Man years, total",Contracted man-years adjusted for long term leaves per 1 000 inhabitants,2020,NA
Helseregion Nord,Total,"Man years, total",Contracted man-years adjusted for long term leaves per 1 000 inhabitants,2021,NA
Helseregion Nord,Total,"Man years, total",Employed persons per 1 000 inhabitants,2008,28.05
Helseregion Nord,Total,"Man years, total",Employed persons per 1 000 inhabitants,2020,NA
Helseregion Nord,Total,"Man years, total",Employed persons per 1 000 inhabitants,2021,NA
Helseregion Nord,Total,"Service, technical  and/or operating procedures",Contracted man-years unadjusted for long term leaves,2008,700
Helseregion Nord,Total,"Service, technical  and/or operating procedures",Contracted man-years unadjusted for long term leaves,2020,632
Helseregion Nord,Total,"Service, technical  and/or operating procedures",Contracted man-years unadjusted for long term leaves,2021,624
Helseregion Nord,Total,"Service, technical  and/or operating procedures",Contracted man-years adjusted for long term leaves per 1 000 inhabitants,2008,1.37
Helseregion Nord,Total,"Service, technical  and/or operating procedures",Contracted man-years adjusted for long term leaves per 1 000 inhabitants,2020,NA
Helseregion Nord,Total,"Service, technical  and/or operating procedures",Contracted man-years adjusted for long term leaves per 1 000 inhabitants,2021,NA
Helseregion Nord,Total,"Service, technical  and/or operating procedures",Employed persons per 1 000 inhabitants,2008,1.77
Helseregion Nord,Total,"Service, technical  and/or operating procedures",Employed persons per 1 000 inhabitants,2020,NA
Helseregion Nord,Total,"Service, technical  and/or operating procedures",Employed persons per 1 000 inhabitants,2021,NA
Helseregion Nord,Total,Other occupations,Contracted man-years unadjusted for long term leaves,2008,562
Helseregion Nord,Total,Other occupations,Contracted man-years unadjusted for long term leaves,2020,429
Helseregion Nord,Total,Other occupations,Contracted man-years unadjusted for long term leaves,2021,433
Helseregion Nord,Total,Other occupations,Contracted man-years adjusted for long term leaves per 1 000 inhabitants,2008,1.09
Helseregion Nord,Total,Other occupations,Contracted man-years adjusted for long term leaves per 1 000 inhabitants,2020,NA
Helseregion Nord,Total,Other occupations,Contracted man-years adjusted for long term leaves per 1 000 inhabitants,2021,NA
Helseregion Nord,Total,Other occupations,Employed persons per 1 000 inhabitants,2008,1.57
Helseregion Nord,Total,Other occupations,Employed persons per 1 000 inhabitants,2020,NA
Helseregion Nord,Total,Other occupations,Employed persons per 1 000 inhabitants,2021,NA
Helseregion Nord,Ambulance service,"Man years, total",Contracted man-years unadjusted for long term leaves,2008,NA
Helseregion Nord,Ambulance service,"Man years, total",Contracted man-years unadjusted for long term leaves,2020,1064
Helseregion Nord,Ambulance service,"Man years, total",Contracted man-years unadjusted for long term leaves,2021,1056
Helseregion Nord,Ambulance service,"Man years, total",Contracted man-years adjusted for long term leaves per 1 000 inhabitants,2008,NA
Helseregion Nord,Ambulance service,"Man years, total",Contracted man-years adjusted for long term leaves per 1 000 inhabitants,2020,NA
Helseregion Nord,Ambulance service,"Man years, total",Contracted man-years adjusted for long term leaves per 1 000 inhabitants,2021,NA
Helseregion Nord,Ambulance service,"Man years, total",Employed persons per 1 000 inhabitants,2008,NA
Helseregion Nord,Ambulance service,"Man years, total",Employed persons per 1 000 inhabitants,2020,NA
Helseregion Nord,Ambulance service,"Man years, total",Employed persons per 1 000 inhabitants,2021,NA
Helseregion Nord,Ambulance service,"Service, technical  and/or operating procedures",Contracted man-years unadjusted for long term leaves,2008,NA
Helseregion Nord,Ambulance service,"Service, technical  and/or operating procedures",Contracted man-years unadjusted for long term leaves,2020,10
Helseregion Nord,Ambulance service,"Service, technical  and/or operating procedures",Contracted man-years unadjusted for long term leaves,2021,2
Helseregion Nord,Ambulance service,"Service, technical  and/or operating procedures",Contracted man-years adjusted for long term leaves per 1 000 inhabitants,2008,NA
Helseregion Nord,Ambulance service,"Service, technical  and/or operating procedures",Contracted man-years adjusted for long term leaves per 1 000 inhabitants,2020,NA
Helseregion Nord,Ambulance service,"Service, technical  and/or operating procedures",Contracted man-years adjusted for long term leaves per 1 000 inhabitants,2021,NA
Helseregion Nord,Ambulance service,"Service, technical  and/or operating procedures",Employed persons per 1 000 inhabitants,2008,NA
Helseregion Nord,Ambulance service,"Service, technical  and/or operating procedures",Employed persons per 1 000 inhabitants,2020,NA
Helseregion Nord,Ambulance service,"Service, technical  and/or operating procedures",Employed persons per 1 000 inhabitants,2021,NA
Helseregion Nord,Ambulance service,Other occupations,Contracted man-years unadjusted for long term leaves,2008,NA
Helseregion Nord,Ambulance service,Other occupations,Contracted man-years unadjusted for long term leaves,2020,3
Helseregion Nord,Ambulance service,Other occupations,Contracted man-years unadjusted for long term leaves,2021,1
Helseregion Nord,Ambulance service,Other occupations,Contracted man-years adjusted for long term leaves per 1 000 inhabitants,2008,NA
Helseregion Nord,Ambulance service,Other occupations,Contracted man-years adjusted for long term leaves per 1 000 inhabitants,2020,NA
Helseregion Nord,Ambulance service,Other occupations,Contracted man-years adjusted for long term leaves per 1 000 inhabitants,2021,NA
Helseregion Nord,Ambulance service,Other occupations,Employed persons per 1 000 inhabitants,2008,NA
Helseregion Nord,Ambulance service,Other occupations,Employed persons per 1 000 inhabitants,2020,NA
Helseregion Nord,Ambulance service,Other occupations,Employed persons per 1 000 inhabitants,2021,NA
Helseregion Nord,Shared services,"Man years, total",Contracted man-years unadjusted for long term leaves,2008,1069
Helseregion Nord,Shared services,"Man years, total",Contracted man-years unadjusted for long term leaves,2020,1902
Helseregion Nord,Shared services,"Man years, total",Contracted man-years unadjusted for long term leaves,2021,806
Helseregion Nord,Shared services,"Man years, total",Contracted man-years adjusted for long term leaves per 1 000 inhabitants,2008,2.12
Helseregion Nord,Shared services,"Man years, total",Contracted man-years adjusted for long term leaves per 1 000 inhabitants,2020,NA
Helseregion Nord,Shared services,"Man years, total",Contracted man-years adjusted for long term leaves per 1 000 inhabitants,2021,NA
Helseregion Nord,Shared services,"Man years, total",Employed persons per 1 000 inhabitants,2008,2.46
Helseregion Nord,Shared services,"Man years, total",Employed persons per 1 000 inhabitants,2020,NA
Helseregion Nord,Shared services,"Man years, total",Employed persons per 1 000 inhabitants,2021,NA
Helseregion Nord,Shared services,"Service, technical  and/or operating procedures",Contracted man-years unadjusted for long term leaves,2008,136
Helseregion Nord,Shared services,"Service, technical  and/or operating procedures",Contracted man-years unadjusted for long term leaves,2020,308
Helseregion Nord,Shared services,"Service, technical  and/or operating procedures",Contracted man-years unadjusted for long term leaves,2021,28
Helseregion Nord,Shared services,"Service, technical  and/or operating procedures",Contracted man-years adjusted for long term leaves per 1 000 inhabitants,2008,0.27
Helseregion Nord,Shared services,"Service, technical  and/or operating procedures",Contracted man-years adjusted for long term leaves per 1 000 inhabitants,2020,NA
Helseregion Nord,Shared services,"Service, technical  and/or operating procedures",Contracted man-years adjusted for long term leaves per 1 000 inhabitants,2021,NA
Helseregion Nord,Shared services,"Service, technical  and/or operating procedures",Employed persons per 1 000 inhabitants,2008,0.35
Helseregion Nord,Shared services,"Service, technical  and/or operating procedures",Employed persons per 1 000 inhabitants,2020,NA
Helseregion Nord,Shared services,"Service, technical  and/or operating procedures",Employed persons per 1 000 inhabitants,2021,NA
Helseregion Nord,Shared services,Other occupations,Contracted man-years unadjusted for long term leaves,2008,111
Helseregion Nord,Shared services,Other occupations,Contracted man-years unadjusted for long term leaves,2020,199
Helseregion Nord,Shared services,Other occupations,Contracted man-years unadjusted for long term leaves,2021,3
Helseregion Nord,Shared services,Other occupations,Contracted man-years adjusted for long term leaves per 1 000 inhabitants,2008,0.21
Helseregion Nord,Shared services,Other occupations,Contracted man-years adjusted for long term leaves per 1 000 inhabitants,2020,NA
Helseregion Nord,Shared services,Other occupations,Contracted man-years adjusted for long term leaves per 1 000 inhabitants,2021,NA
Helseregion Nord,Shared services,Other occupations,Employed persons per 1 000 inhabitants,2008,0.27
Helseregion Nord,Shared services,Other occupations,Employed persons per 1 000 inhabitants,2020,NA
Helseregion Nord,Shared services,Other occupations,Employed persons per 1 000 inhabitants,2021,NA
HELSEREGION NORD TOTALT,Total,"Man years, total",Contracted man-years unadjusted for long term leaves,2008,NA
HELSEREGION NORD TOTALT,Total,"Man years, total",Contracted man-years unadjusted for long term leaves,2020,NA
HELSEREGION NORD TOTALT,Total,"Man years, total",Contracted man-years unadjusted for long term leaves,2021,NA
HELSEREGION NORD TOTALT,Total,"Man years, total",Contracted man-years adjusted for long term leaves per 1 000 inhabitants,2008,NA
HELSEREGION NORD TOTALT,Total,"Man years, total",Contracted man-years adjusted for long term leaves per 1 000 inhabitants,2020,NA
HELSEREGION NORD TOTALT,Total,"Man years, total",Contracted man-years adjusted for long term leaves per 1 000 inhabitants,2021,NA
HELSEREGION NORD TOTALT,Total,"Man years, total",Employed persons per 1 000 inhabitants,2008,NA
HELSEREGION NORD TOTALT,Total,"Man years, total",Employed persons per 1 000 inhabitants,2020,NA
HELSEREGION NORD TOTALT,Total,"Man years, total",Employed persons per 1 000 inhabitants,2021,NA
HELSEREGION NORD TOTALT,Total,"Service, technical  and/or operating procedures",Contracted man-years unadjusted for long term leaves,2008,NA
HELSEREGION NORD TOTALT,Total,"Service, technical  and/or operating procedures",Contracted man-years unadjusted for long term leaves,2020,NA
HELSEREGION NORD TOTALT,Total,"Service, technical  and/or operating procedures",Contracted man-years unadjusted for long term leaves,2021,NA
HELSEREGION NORD TOTALT,Total,"Service, technical  and/or operating procedures",Contracted man-years adjusted for long term leaves per 1 000 inhabitants,2008,NA
HELSEREGION NORD TOTALT,Total,"Service, technical  and/or operating procedures",Contracted man-years adjusted for long term leaves per 1 000 inhabitants,2020,NA
HELSEREGION NORD TOTALT,Total,"Service, technical  and/or operating procedures",Contracted man-years adjusted for long term leaves per 1 000 inhabitants,2021,NA
HELSEREGION NORD TOTALT,Total,"Service, technical  and/or operating procedures",Employed persons per 1 000 inhabitants,2008,NA
HELSEREGION NORD TOTALT,Total,"Service, technical  and/or operating procedures",Employed persons per 1 000 inhabitants,2020,NA
HELSEREGION NORD TOTALT,Total,"Service, technical  and/or operating procedures",Employed persons per 1 000 inhabitants,2021,NA
HELSEREGION NORD TOTALT,Total,Other occupations,Contracted man-years unadjusted for long term leaves,2008,NA
HELSEREGION NORD TOTALT,Total,Other occupations,Contracted man-years unadjusted for long term leaves,2020,NA
HELSEREGION NORD TOTALT,Total,Other occupations,Contracted man-years unadjusted for long term leaves,2021,NA
HELSEREGION NORD TOTALT,Total,Other occupations,Contracted man-years adjusted for long term leaves per 1 000 inhabitants,2008,NA
HELSEREGION NORD TOTALT,Total,Other occupations,Contracted man-years adjusted for long term leaves per 1 000 inhabitants,2020,NA
HELSEREGION NORD TOTALT,Total,Other occupations,Contracted man-years adjusted for long term leaves per 1 000 inhabitants,2021,NA
HELSEREGION NORD TOTALT,Total,Other occupations,Employed persons per 1 000 inhabitants,2008,NA
HELSEREGION NORD TOTALT,Total,Other occupations,Employed persons per 1 000 inhabitants,2020,NA
HELSEREGION NORD TOTALT,Total,Other occupations,Employed persons per 1 000 inhabitants,2021,NA
HELSEREGION NORD TOTALT,Ambulance service,"Man years, total",Contracted man-years unadjusted for long term leaves,2008,NA
HELSEREGION NORD TOTALT,Ambulance service,"Man years, total",Contracted man-years unadjusted for long term leaves,2020,NA
HELSEREGION NORD TOTALT,Ambulance service,"Man years, total",Contracted man-years unadjusted for long term leaves,2021,NA
HELSEREGION NORD TOTALT,Ambulance service,"Man years, total",Contracted man-years adjusted for long term leaves per 1 000 inhabitants,2008,NA
HELSEREGION NORD TOTALT,Ambulance service,"Man years, total",Contracted man-years adjusted for long term leaves per 1 000 inhabitants,2020,NA
HELSEREGION NORD TOTALT,Ambulance service,"Man years, total",Contracted man-years adjusted for long term leaves per 1 000 inhabitants,2021,NA
HELSEREGION NORD TOTALT,Ambulance service,"Man years, total",Employed persons per 1 000 inhabitants,2008,NA
HELSEREGION NORD TOTALT,Ambulance service,"Man years, total",Employed persons per 1 000 inhabitants,2020,NA
HELSEREGION NORD TOTALT,Ambulance service,"Man years, total",Employed persons per 1 000 inhabitants,2021,NA
HELSEREGION NORD TOTALT,Ambulance service,"Service, technical  and/or operating procedures",Contracted man-years unadjusted for long term leaves,2008,NA
HELSEREGION NORD TOTALT,Ambulance service,"Service, technical  and/or operating procedures",Contracted man-years unadjusted for long term leaves,2020,NA
HELSEREGION NORD TOTALT,Ambulance service,"Service, technical  and/or operating procedures",Contracted man-years unadjusted for long term leaves,2021,NA
HELSEREGION NORD TOTALT,Ambulance service,"Service, technical  and/or operating procedures",Contracted man-years adjusted for long term leaves per 1 000 inhabitants,2008,NA
HELSEREGION NORD TOTALT,Ambulance service,"Service, technical  and/or operating procedures",Contracted man-years adjusted for long term leaves per 1 000 inhabitants,2020,NA
HELSEREGION NORD TOTALT,Ambulance service,"Service, technical  and/or operating procedures",Contracted man-years adjusted for long term leaves per 1 000 inhabitants,2021,NA
HELSEREGION NORD TOTALT,Ambulance service,"Service, technical  and/or operating procedures",Employed persons per 1 000 inhabitants,2008,NA
HELSEREGION NORD TOTALT,Ambulance service,"Service, technical  and/or operating procedures",Employed persons per 1 000 inhabitants,2020,NA
HELSEREGION NORD TOTALT,Ambulance service,"Service, technical  and/or operating procedures",Employed persons per 1 000 inhabitants,2021,NA
HELSEREGION NORD TOTALT,Ambulance service,Other occupations,Contracted man-years unadjusted for long term leaves,2008,NA
HELSEREGION NORD TOTALT,Ambulance service,Other occupations,Contracted man-years unadjusted for long term leaves,2020,NA
HELSEREGION NORD TOTALT,Ambulance service,Other occupations,Contracted man-years unadjusted for long term leaves,2021,NA
HELSEREGION NORD TOTALT,Ambulance service,Other occupations,Contracted man-years adjusted for long term leaves per 1 000 inhabitants,2008,NA
HELSEREGION NORD TOTALT,Ambulance service,Other occupations,Contracted man-years adjusted for long term leaves per 1 000 inhabitants,2020,NA
HELSEREGION NORD TOTALT,Ambulance service,Other occupations,Contracted man-years adjusted for long term leaves per 1 000 inhabitants,2021,NA
HELSEREGION NORD TOTALT,Ambulance service,Other occupations,Employed persons per 1 000 inhabitants,2008,NA
HELSEREGION NORD TOTALT,Ambulance service,Other occupations,Employed persons per 1 000 inhabitants,2020,NA
HELSEREGION NORD TOTALT,Ambulance service,Other occupations,Employed persons per 1 000 inhabitants,2021,NA
HELSEREGION NORD TOTALT,Shared services,"Man years, total",Contracted man-years unadjusted for long term leaves,2008,NA
HELSEREGION NORD TOTALT,Shared services,"Man years, total",Contracted man-years unadjusted for long term leaves,2020,NA
HELSEREGION NORD TOTALT,Shared services,"Man years, total",Contracted man-years unadjusted for long term leaves,2021,NA
HELSEREGION NORD TOTALT,Shared services,"Man years, total",Contracted man-years adjusted for long term leaves per 1 000 inhabitants,2008,NA
HELSEREGION NORD TOTALT,Shared services,"Man years, total",Contracted man-years adjusted for long term leaves per 1 000 inhabitants,2020,NA
HELSEREGION NORD TOTALT,Shared services,"Man years, total",Contracted man-years adjusted for long term leaves per 1 000 inhabitants,2021,NA
HELSEREGION NORD TOTALT,Shared services,"Man years, total",Employed persons per 1 000 inhabitants,2008,NA
HELSEREGION NORD TOTALT,Shared services,"Man years, total",Employed persons per 1 000 inhabitants,2020,NA
HELSEREGION NORD TOTALT,Shared services,"Man years, total",Employed persons per 1 000 inhabitants,2021,NA
HELSEREGION NORD TOTALT,Shared services,"Service, technical  and/or operating procedures",Contracted man-years unadjusted for long term leaves,2008,NA
HELSEREGION NORD TOTALT,Shared services,"Service, technical  and/or operating procedures",Contracted man-years unadjusted for long term leaves,2020,NA
HELSEREGION NORD TOTALT,Shared services,"Service, technical  and/or operating procedures",Contracted man-years unadjusted for long term leaves,2021,NA
HELSEREGION NORD TOTALT,Shared services,"Service, technical  and/or operating procedures",Contracted man-years adjusted for long term leaves per 1 000 inhabitants,2008,NA
HELSEREGION NORD TOTALT,Shared services,"Service, technical  and/or operating procedures",Contracted man-years adjusted for long term leaves per 1 000 inhabitants,2020,NA
HELSEREGION NORD TOTALT,Shared services,"Service, technical  and/or operating procedures",Contracted man-years adjusted for long term leaves per 1 000 inhabitants,2021,NA
HELSEREGION NORD TOTALT,Shared services,"Service, technical  and/or operating procedures",Employed persons per 1 000 inhabitants,2008,NA
HELSEREGION NORD TOTALT,Shared services,"Service, technical  and/or operating procedures",Employed persons per 1 000 inhabitants,2020,NA
HELSEREGION NORD TOTALT,Shared services,"Service, technical  and/or operating procedures",Employed persons per 1 000 inhabitants,2021,NA
HELSEREGION NORD TOTALT,Shared services,Other occupations,Contracted man-years unadjusted for long term leaves,2008,NA
HELSEREGION NORD TOTALT,Shared services,Other occupations,Contracted man-years unadjusted for long term leaves,2020,NA
HELSEREGION NORD TOTALT,Shared services,Other occupations,Contracted man-years unadjusted for long term leaves,2021,NA
HELSEREGION NORD TOTALT,Shared services,Other occupations,Contracted man-years adjusted for long term leaves per 1 000 inhabitants,2008,NA
HELSEREGION NORD TOTALT,Shared services,Other occupations,Contracted man-years adjusted for long term leaves per 1 000 inhabitants,2020,NA
HELSEREGION NORD TOTALT,Shared services,Other occupations,Contracted man-years adjusted for long term leaves per 1 000 inhabitants,2021,NA
HELSEREGION NORD TOTALT,Shared services,Other occupations,Employed persons per 1 000 inhabitants,2008,NA
HELSEREGION NORD TOTALT,Shared services,Other occupations,Employed persons per 1 000 inhabitants,2020,NA
HELSEREGION NORD TOTALT,Shared services,Other occupations,Employed persons per 1 000 inhabitants,2021,NA
Private inst. m/ driftsavtale Helseregion Nord,Total,"Man years, total",Contracted man-years unadjusted for long term leaves,2008,NA
Private inst. m/ driftsavtale Helseregion Nord,Total,"Man years, total",Contracted man-years unadjusted for long term leaves,2020,NA
Private inst. m/ driftsavtale Helseregion Nord,Total,"Man years, total",Contracted man-years unadjusted for long term leaves,2021,NA
Private inst. m/ driftsavtale Helseregion Nord,Total,"Man years, total",Contracted man-years adjusted for long term leaves per 1 000 inhabitants,2008,NA
Private inst. m/ driftsavtale Helseregion Nord,Total,"Man years, total",Contracted man-years adjusted for long term leaves per 1 000 inhabitants,2020,NA
Private inst. m/ driftsavtale Helseregion Nord,Total,"Man years, total",Contracted man-years adjusted for long term leaves per 1 000 inhabitants,2021,NA
Private inst. m/ driftsavtale Helseregion Nord,Total,"Man years, total",Employed persons per 1 000 inhabitants,2008,NA
Private inst. m/ driftsavtale Helseregion Nord,Total,"Man years, total",Employed persons per 1 000 inhabitants,2020,NA
Private inst. m/ driftsavtale Helseregion Nord,Total,"Man years, total",Employed persons per 1 000 inhabitants,2021,NA
Private inst. m/ driftsavtale Helseregion Nord,Total,"Service, technical  and/or operating procedures",Contracted man-years unadjusted for long term leaves,2008,NA
Private inst. m/ driftsavtale Helseregion Nord,Total,"Service, technical  and/or operating procedures",Contracted man-years unadjusted for long term leaves,2020,NA
Private inst. m/ driftsavtale Helseregion Nord,Total,"Service, technical  and/or operating procedures",Contracted man-years unadjusted for long term leaves,2021,NA
Private inst. m/ driftsavtale Helseregion Nord,Total,"Service, technical  and/or operating procedures",Contracted man-years adjusted for long term leaves per 1 000 inhabitants,2008,NA
Private inst. m/ driftsavtale Helseregion Nord,Total,"Service, technical  and/or operating procedures",Contracted man-years adjusted for long term leaves per 1 000 inhabitants,2020,NA
Private inst. m/ driftsavtale Helseregion Nord,Total,"Service, technical  and/or operating procedures",Contracted man-years adjusted for long term leaves per 1 000 inhabitants,2021,NA
Private inst. m/ driftsavtale Helseregion Nord,Total,"Service, technical  and/or operating procedures",Employed persons per 1 000 inhabitants,2008,NA
Private inst. m/ driftsavtale Helseregion Nord,Total,"Service, technical  and/or operating procedures",Employed persons per 1 000 inhabitants,2020,NA
Private inst. m/ driftsavtale Helseregion Nord,Total,"Service, technical  and/or operating procedures",Employed persons per 1 000 inhabitants,2021,NA
Private inst. m/ driftsavtale Helseregion Nord,Total,Other occupations,Contracted man-years unadjusted for long term leaves,2008,NA
Private inst. m/ driftsavtale Helseregion Nord,Total,Other occupations,Contracted man-years unadjusted for long term leaves,2020,NA
Private inst. m/ driftsavtale Helseregion Nord,Total,Other occupations,Contracted man-years unadjusted for long term leaves,2021,NA
Private inst. m/ driftsavtale Helseregion Nord,Total,Other occupations,Contracted man-years adjusted for long term leaves per 1 000 inhabitants,2008,NA
Private inst. m/ driftsavtale Helseregion Nord,Total,Other occupations,Contracted man-years adjusted for long term leaves per 1 000 inhabitants,2020,NA
Private inst. m/ driftsavtale Helseregion Nord,Total,Other occupations,Contracted man-years adjusted for long term leaves per 1 000 inhabitants,2021,NA
Private inst. m/ driftsavtale Helseregion Nord,Total,Other occupations,Employed persons per 1 000 inhabitants,2008,NA
Private inst. m/ driftsavtale Helseregion Nord,Total,Other occupations,Employed persons per 1 000 inhabitants,2020,NA
Private inst. m/ driftsavtale Helseregion Nord,Total,Other occupations,Employed persons per 1 000 inhabitants,2021,NA
Private inst. m/ driftsavtale Helseregion Nord,Ambulance service,"Man years, total",Contracted man-years unadjusted for long term leaves,2008,NA
Private inst. m/ driftsavtale Helseregion Nord,Ambulance service,"Man years, total",Contracted man-years unadjusted for long term leaves,2020,NA
Private inst. m/ driftsavtale Helseregion Nord,Ambulance service,"Man years, total",Contracted man-years unadjusted for long term leaves,2021,NA
Private inst. m/ driftsavtale Helseregion Nord,Ambulance service,"Man years, total",Contracted man-years adjusted for long term leaves per 1 000 inhabitants,2008,NA
Private inst. m/ driftsavtale Helseregion Nord,Ambulance service,"Man years, total",Contracted man-years adjusted for long term leaves per 1 000 inhabitants,2020,NA
Private inst. m/ driftsavtale Helseregion Nord,Ambulance service,"Man years, total",Contracted man-years adjusted for long term leaves per 1 000 inhabitants,2021,NA
Private inst. m/ driftsavtale Helseregion Nord,Ambulance service,"Man years, total",Employed persons per 1 000 inhabitants,2008,NA
Private inst. m/ driftsavtale Helseregion Nord,Ambulance service,"Man years, total",Employed persons per 1 000 inhabitants,2020,NA
Private inst. m/ driftsavtale Helseregion Nord,Ambulance service,"Man years, total",Employed persons per 1 000 inhabitants,2021,NA
Private inst. m/ driftsavtale Helseregion Nord,Ambulance service,"Service, technical  and/or operating procedures",Contracted man-years unadjusted for long term leaves,2008,NA
Private inst. m/ driftsavtale Helseregion Nord,Ambulance service,"Service, technical  and/or operating procedures",Contracted man-years unadjusted for long term leaves,2020,NA
Private inst. m/ driftsavtale Helseregion Nord,Ambulance service,"Service, technical  and/or operating procedures",Contracted man-years unadjusted for long term leaves,2021,NA
Private inst. m/ driftsavtale Helseregion Nord,Ambulance service,"Service, technical  and/or operating procedures",Contracted man-years adjusted for long term leaves per 1 000 inhabitants,2008,NA
Private inst. m/ driftsavtale Helseregion Nord,Ambulance service,"Service, technical  and/or operating procedures",Contracted man-years adjusted for long term leaves per 1 000 inhabitants,2020,NA
Private inst. m/ driftsavtale Helseregion Nord,Ambulance service,"Service, technical  and/or operating procedures",Contracted man-years adjusted for long term leaves per 1 000 inhabitants,2021,NA
Private inst. m/ driftsavtale Helseregion Nord,Ambulance service,"Service, technical  and/or operating procedures",Employed persons per 1 000 inhabitants,2008,NA
Private inst. m/ driftsavtale Helseregion Nord,Ambulance service,"Service, technical  and/or operating procedures",Employed persons per 1 000 inhabitants,2020,NA
Private inst. m/ driftsavtale Helseregion Nord,Ambulance service,"Service, technical  and/or operating procedures",Employed persons per 1 000 inhabitants,2021,NA
Private inst. m/ driftsavtale Helseregion Nord,Ambulance service,Other occupations,Contracted man-years unadjusted for long term leaves,2008,NA
Private inst. m/ driftsavtale Helseregion Nord,Ambulance service,Other occupations,Contracted man-years unadjusted for long term leaves,2020,NA
Private inst. m/ driftsavtale Helseregion Nord,Ambulance service,Other occupations,Contracted man-years unadjusted for long term leaves,2021,NA
Private inst. m/ driftsavtale Helseregion Nord,Ambulance service,Other occupations,Contracted man-years adjusted for long term leaves per 1 000 inhabitants,2008,NA
Private inst. m/ driftsavtale Helseregion Nord,Ambulance service,Other occupations,Contracted man-years adjusted for long term leaves per 1 000 inhabitants,2020,NA
Private inst. m/ driftsavtale Helseregion Nord,Ambulance service,Other occupations,Contracted man-years adjusted for long term leaves per 1 000 inhabitants,2021,NA
Private inst. m/ driftsavtale Helseregion Nord,Ambulance service,Other occupations,Employed persons per 1 000 inhabitants,2008,NA
Private inst. m/ driftsavtale Helseregion Nord,Ambulance service,Other occupations,Employed persons per 1 000 inhabitants,2020,NA
Private inst. m/ driftsavtale Helseregion Nord,Ambulance service,Other occupations,Employed persons per 1 000 inhabitants,2021,NA
Private inst. m/ driftsavtale Helseregion Nord,Shared services,"Man years, total",Contracted man-years unadjusted for long term leaves,2008,NA
Private inst. m/ driftsavtale Helseregion Nord,Shared services,"Man years, total",Contracted man-years unadjusted for long term leaves,2020,NA
Private inst. m/ driftsavtale Helseregion Nord,Shared services,"Man years, total",Contracted man-years unadjusted for long term leaves,2021,NA
Private inst. m/ driftsavtale Helseregion Nord,Shared services,"Man years, total",Contracted man-years adjusted for long term leaves per 1 000 inhabitants,2008,NA
Private inst. m/ driftsavtale Helseregion Nord,Shared services,"Man years, total",Contracted man-years adjusted for long term leaves per 1 000 inhabitants,2020,NA
Private inst. m/ driftsavtale Helseregion Nord,Shared services,"Man years, total",Contracted man-years adjusted for long term leaves per 1 000 inhabitants,2021,NA
Private inst. m/ driftsavtale Helseregion Nord,Shared services,"Man years, total",Employed persons per 1 000 inhabitants,2008,NA
Private inst. m/ driftsavtale Helseregion Nord,Shared services,"Man years, total",Employed persons per 1 000 inhabitants,2020,NA
Private inst. m/ driftsavtale Helseregion Nord,Shared services,"Man years, total",Employed persons per 1 000 inhabitants,2021,NA
Private inst. m/ driftsavtale Helseregion Nord,Shared services,"Service, technical  and/or operating procedures",Contracted man-years unadjusted for long term leaves,2008,NA
Private inst. m/ driftsavtale Helseregion Nord,Shared services,"Service, technical  and/or operating procedures",Contracted man-years unadjusted for long term leaves,2020,NA
Private inst. m/ driftsavtale Helseregion Nord,Shared services,"Service, technical  and/or operating procedures",Contracted man-years unadjusted for long term leaves,2021,NA
Private inst. m/ driftsavtale Helseregion Nord,Shared services,"Service, technical  and/or operating procedures",Contracted man-years adjusted for long term leaves per 1 000 inhabitants,2008,NA
Private inst. m/ driftsavtale Helseregion Nord,Shared services,"Service, technical  and/or operating procedures",Contracted man-years adjusted for long term leaves per 1 000 inhabitants,2020,NA
Private inst. m/ driftsavtale Helseregion Nord,Shared services,"Service, technical  and/or operating procedures",Contracted man-years adjusted for long term leaves per 1 000 inhabitants,2021,NA
Private inst. m/ driftsavtale Helseregion Nord,Shared services,"Service, technical  and/or operating procedures",Employed persons per 1 000 inhabitants,2008,NA
Private inst. m/ driftsavtale Helseregion Nord,Shared services,"Service, technical  and/or operating procedures",Employed persons per 1 000 inhabitants,2020,NA
Private inst. m/ driftsavtale Helseregion Nord,Shared services,"Service, technical  and/or operating procedures",Employed persons per 1 000 inhabitants,2021,NA
Private inst. m/ driftsavtale Helseregion Nord,Shared services,Other occupations,Contracted man-years unadjusted for long term leaves,2008,NA
Private inst. m/ driftsavtale Helseregion Nord,Shared services,Other occupations,Contracted man-years unadjusted for long term leaves,2020,NA
Private inst. m/ driftsavtale Helseregion Nord,Shared services,Other occupations,Contracted man-years unadjusted for long term leaves,2021,NA
Private inst. m/ driftsavtale Helseregion Nord,Shared services,Other occupations,Contracted man-years adjusted for long term leaves per 1 000 inhabitants,2008,NA
Private inst. m/ driftsavtale Helseregion Nord,Shared services,Other occupations,Contracted man-years adjusted for long term leaves per 1 000 inhabitants,2020,NA
Private inst. m/ driftsavtale Helseregion Nord,Shared services,Other occupations,Contracted man-years adjusted for long term leaves per 1 000 inhabitants,2021,NA
Private inst. m/ driftsavtale Helseregion Nord,Shared services,Other occupations,Employed persons per 1 000 inhabitants,2008,NA
Private inst. m/ driftsavtale Helseregion Nord,Shared services,Other occupations,Employed persons per 1 000 inhabitants,2020,NA
Private inst. m/ driftsavtale Helseregion Nord,Shared services,Other occupations,Employed persons per 1 000 inhabitants,2021,NA
Private establishments and enterprises,Total,"Man years, total",Contracted man-years unadjusted for long term leaves,2008,5360
Private establishments and enterprises,Total,"Man years, total",Contracted man-years unadjusted for long term leaves,2020,6383
Private establishments and enterprises,Total,"Man years, total",Contracted man-years unadjusted for long term leaves,2021,6560
Private establishments and enterprises,Total,"Man years, total",Contracted man-years adjusted for long term leaves per 1 000 inhabitants,2008,0
Private establishments and enterprises,Total,"Man years, total",Contracted man-years adjusted for long term leaves per 1 000 inhabitants,2020,NA
Private establishments and enterprises,Total,"Man years, total",Contracted man-years adjusted for long term leaves per 1 000 inhabitants,2021,NA
Private establishments and enterprises,Total,"Man years, total",Employed persons per 1 000 inhabitants,2008,0
Private establishments and enterprises,Total,"Man years, total",Employed persons per 1 000 inhabitants,2020,NA
Private establishments and enterprises,Total,"Man years, total",Employed persons per 1 000 inhabitants,2021,NA
Private establishments and enterprises,Total,"Service, technical  and/or operating procedures",Contracted man-years unadjusted for long term leaves,2008,572
Private establishments and enterprises,Total,"Service, technical  and/or operating procedures",Contracted man-years unadjusted for long term leaves,2020,706
Private establishments and enterprises,Total,"Service, technical  and/or operating procedures",Contracted man-years unadjusted for long term leaves,2021,705
Private establishments and enterprises,Total,"Service, technical  and/or operating procedures",Contracted man-years adjusted for long term leaves per 1 000 inhabitants,2008,0
Private establishments and enterprises,Total,"Service, technical  and/or operating procedures",Contracted man-years adjusted for long term leaves per 1 000 inhabitants,2020,NA
Private establishments and enterprises,Total,"Service, technical  and/or operating procedures",Contracted man-years adjusted for long term leaves per 1 000 inhabitants,2021,NA
Private establishments and enterprises,Total,"Service, technical  and/or operating procedures",Employed persons per 1 000 inhabitants,2008,0
Private establishments and enterprises,Total,"Service, technical  and/or operating procedures",Employed persons per 1 000 inhabitants,2020,NA
Private establishments and enterprises,Total,"Service, technical  and/or operating procedures",Employed persons per 1 000 inhabitants,2021,NA
Private establishments and enterprises,Total,Other occupations,Contracted man-years unadjusted for long term leaves,2008,733
Private establishments and enterprises,Total,Other occupations,Contracted man-years unadjusted for long term leaves,2020,348
Private establishments and enterprises,Total,Other occupations,Contracted man-years unadjusted for long term leaves,2021,377
Private establishments and enterprises,Total,Other occupations,Contracted man-years adjusted for long term leaves per 1 000 inhabitants,2008,0
Private establishments and enterprises,Total,Other occupations,Contracted man-years adjusted for long term leaves per 1 000 inhabitants,2020,NA
Private establishments and enterprises,Total,Other occupations,Contracted man-years adjusted for long term leaves per 1 000 inhabitants,2021,NA
Private establishments and enterprises,Total,Other occupations,Employed persons per 1 000 inhabitants,2008,0
Private establishments and enterprises,Total,Other occupations,Employed persons per 1 000 inhabitants,2020,NA
Private establishments and enterprises,Total,Other occupations,Employed persons per 1 000 inhabitants,2021,NA
Private establishments and enterprises,Ambulance service,"Man years, total",Contracted man-years unadjusted for long term leaves,2008,NA
Private establishments and enterprises,Ambulance service,"Man years, total",Contracted man-years unadjusted for long term leaves,2020,390
Private establishments and enterprises,Ambulance service,"Man years, total",Contracted man-years unadjusted for long term leaves,2021,397
Private establishments and enterprises,Ambulance service,"Man years, total",Contracted man-years adjusted for long term leaves per 1 000 inhabitants,2008,NA
Private establishments and enterprises,Ambulance service,"Man years, total",Contracted man-years adjusted for long term leaves per 1 000 inhabitants,2020,NA
Private establishments and enterprises,Ambulance service,"Man years, total",Contracted man-years adjusted for long term leaves per 1 000 inhabitants,2021,NA
Private establishments and enterprises,Ambulance service,"Man years, total",Employed persons per 1 000 inhabitants,2008,NA
Private establishments and enterprises,Ambulance service,"Man years, total",Employed persons per 1 000 inhabitants,2020,NA
Private establishments and enterprises,Ambulance service,"Man years, total",Employed persons per 1 000 inhabitants,2021,NA
Private establishments and enterprises,Ambulance service,"Service, technical  and/or operating procedures",Contracted man-years unadjusted for long term leaves,2008,NA
Private establishments and enterprises,Ambulance service,"Service, technical  and/or operating procedures",Contracted man-years unadjusted for long term leaves,2020,19
Private establishments and enterprises,Ambulance service,"Service, technical  and/or operating procedures",Contracted man-years unadjusted for long term leaves,2021,22
Private establishments and enterprises,Ambulance service,"Service, technical  and/or operating procedures",Contracted man-years adjusted for long term leaves per 1 000 inhabitants,2008,NA
Private establishments and enterprises,Ambulance service,"Service, technical  and/or operating procedures",Contracted man-years adjusted for long term leaves per 1 000 inhabitants,2020,NA
Private establishments and enterprises,Ambulance service,"Service, technical  and/or operating procedures",Contracted man-years adjusted for long term leaves per 1 000 inhabitants,2021,NA
Private establishments and enterprises,Ambulance service,"Service, technical  and/or operating procedures",Employed persons per 1 000 inhabitants,2008,NA
Private establishments and enterprises,Ambulance service,"Service, technical  and/or operating procedures",Employed persons per 1 000 inhabitants,2020,NA
Private establishments and enterprises,Ambulance service,"Service, technical  and/or operating procedures",Employed persons per 1 000 inhabitants,2021,NA
Private establishments and enterprises,Ambulance service,Other occupations,Contracted man-years unadjusted for long term leaves,2008,NA
Private establishments and enterprises,Ambulance service,Other occupations,Contracted man-years unadjusted for long term leaves,2020,147
Private establishments and enterprises,Ambulance service,Other occupations,Contracted man-years unadjusted for long term leaves,2021,145
Private establishments and enterprises,Ambulance service,Other occupations,Contracted man-years adjusted for long term leaves per 1 000 inhabitants,2008,NA
Private establishments and enterprises,Ambulance service,Other occupations,Contracted man-years adjusted for long term leaves per 1 000 inhabitants,2020,NA
Private establishments and enterprises,Ambulance service,Other occupations,Contracted man-years adjusted for long term leaves per 1 000 inhabitants,2021,NA
Private establishments and enterprises,Ambulance service,Other occupations,Employed persons per 1 000 inhabitants,2008,NA
Private establishments and enterprises,Ambulance service,Other occupations,Employed persons per 1 000 inhabitants,2020,NA
Private establishments and enterprises,Ambulance service,Other occupations,Employed persons per 1 000 inhabitants,2021,NA
Private establishments and enterprises,Shared services,"Man years, total",Contracted man-years unadjusted for long term leaves,2008,1509
Private establishments and enterprises,Shared services,"Man years, total",Contracted man-years unadjusted for long term leaves,2020,40
Private establishments and enterprises,Shared services,"Man years, total",Contracted man-years unadjusted for long term leaves,2021,35
Private establishments and enterprises,Shared services,"Man years, total",Contracted man-years adjusted for long term leaves per 1 000 inhabitants,2008,0
Private establishments and enterprises,Shared services,"Man years, total",Contracted man-years adjusted for long term leaves per 1 000 inhabitants,2020,NA
Private establishments and enterprises,Shared services,"Man years, total",Contracted man-years adjusted for long term leaves per 1 000 inhabitants,2021,NA
Private establishments and enterprises,Shared services,"Man years, total",Employed persons per 1 000 inhabitants,2008,0
Private establishments and enterprises,Shared services,"Man years, total",Employed persons per 1 000 inhabitants,2020,NA
Private establishments and enterprises,Shared services,"Man years, total",Employed persons per 1 000 inhabitants,2021,NA
Private establishments and enterprises,Shared services,"Service, technical  and/or operating procedures",Contracted man-years unadjusted for long term leaves,2008,38
Private establishments and enterprises,Shared services,"Service, technical  and/or operating procedures",Contracted man-years unadjusted for long term leaves,2020,4
Private establishments and enterprises,Shared services,"Service, technical  and/or operating procedures",Contracted man-years unadjusted for long term leaves,2021,NA
Private establishments and enterprises,Shared services,"Service, technical  and/or operating procedures",Contracted man-years adjusted for long term leaves per 1 000 inhabitants,2008,0
Private establishments and enterprises,Shared services,"Service, technical  and/or operating procedures",Contracted man-years adjusted for long term leaves per 1 000 inhabitants,2020,NA
Private establishments and enterprises,Shared services,"Service, technical  and/or operating procedures",Contracted man-years adjusted for long term leaves per 1 000 inhabitants,2021,NA
Private establishments and enterprises,Shared services,"Service, technical  and/or operating procedures",Employed persons per 1 000 inhabitants,2008,0
Private establishments and enterprises,Shared services,"Service, technical  and/or operating procedures",Employed persons per 1 000 inhabitants,2020,NA
Private establishments and enterprises,Shared services,"Service, technical  and/or operating procedures",Employed persons per 1 000 inhabitants,2021,NA
Private establishments and enterprises,Shared services,Other occupations,Contracted man-years unadjusted for long term leaves,2008,410
Private establishments and enterprises,Shared services,Other occupations,Contracted man-years unadjusted for long term leaves,2020,1
Private establishments and enterprises,Shared services,Other occupations,Contracted man-years unadjusted for long term leaves,2021,2
Private establishments and enterprises,Shared services,Other occupations,Contracted man-years adjusted for long term leaves per 1 000 inhabitants,2008,0
Private establishments and enterprises,Shared services,Other occupations,Contracted man-years adjusted for long term leaves per 1 000 inhabitants,2020,NA
Private establishments and enterprises,Shared services,Other occupations,Contracted man-years adjusted for long term leaves per 1 000 inhabitants,2021,NA
Private establishments and enterprises,Shared services,Other occupations,Employed persons per 1 000 inhabitants,2008,0
Private establishments and enterprises,Shared services,Other occupations,Employed persons per 1 000 inhabitants,2020,NA
Private establishments and enterprises,Shared services,Other occupations,Employed persons per 1 000 inhabitants,2021,NA
Helseregion Sør-Øst (2007-),Total,"Man years, total",Contracted man-years unadjusted for long term leaves,2008,54729
Helseregion Sør-Øst (2007-),Total,"Man years, total",Contracted man-years unadjusted for long term leaves,2020,66998
Helseregion Sør-Øst (2007-),Total,"Man years, total",Contracted man-years unadjusted for long term leaves,2021,67707
Helseregion Sør-Øst (2007-),Total,"Man years, total",Contracted man-years adjusted for long term leaves per 1 000 inhabitants,2008,18.5
Helseregion Sør-Øst (2007-),Total,"Man years, total",Contracted man-years adjusted for long term leaves per 1 000 inhabitants,2020,NA
Helseregion Sør-Øst (2007-),Total,"Man years, total",Contracted man-years adjusted for long term leaves per 1 000 inhabitants,2021,NA
Helseregion Sør-Øst (2007-),Total,"Man years, total",Employed persons per 1 000 inhabitants,2008,23.79
Helseregion Sør-Øst (2007-),Total,"Man years, total",Employed persons per 1 000 inhabitants,2020,NA
Helseregion Sør-Øst (2007-),Total,"Man years, total",Employed persons per 1 000 inhabitants,2021,NA
Helseregion Sør-Øst (2007-),Total,"Service, technical  and/or operating procedures",Contracted man-years unadjusted for long term leaves,2008,3862
Helseregion Sør-Øst (2007-),Total,"Service, technical  and/or operating procedures",Contracted man-years unadjusted for long term leaves,2020,4463
Helseregion Sør-Øst (2007-),Total,"Service, technical  and/or operating procedures",Contracted man-years unadjusted for long term leaves,2021,4399
Helseregion Sør-Øst (2007-),Total,"Service, technical  and/or operating procedures",Contracted man-years adjusted for long term leaves per 1 000 inhabitants,2008,1.3
Helseregion Sør-Øst (2007-),Total,"Service, technical  and/or operating procedures",Contracted man-years adjusted for long term leaves per 1 000 inhabitants,2020,NA
Helseregion Sør-Øst (2007-),Total,"Service, technical  and/or operating procedures",Contracted man-years adjusted for long term leaves per 1 000 inhabitants,2021,NA
Helseregion Sør-Øst (2007-),Total,"Service, technical  and/or operating procedures",Employed persons per 1 000 inhabitants,2008,1.61
Helseregion Sør-Øst (2007-),Total,"Service, technical  and/or operating procedures",Employed persons per 1 000 inhabitants,2020,NA
Helseregion Sør-Øst (2007-),Total,"Service, technical  and/or operating procedures",Employed persons per 1 000 inhabitants,2021,NA
Helseregion Sør-Øst (2007-),Total,Other occupations,Contracted man-years unadjusted for long term leaves,2008,2122
Helseregion Sør-Øst (2007-),Total,Other occupations,Contracted man-years unadjusted for long term leaves,2020,983
Helseregion Sør-Øst (2007-),Total,Other occupations,Contracted man-years unadjusted for long term leaves,2021,984
Helseregion Sør-Øst (2007-),Total,Other occupations,Contracted man-years adjusted for long term leaves per 1 000 inhabitants,2008,0.74
Helseregion Sør-Øst (2007-),Total,Other occupations,Contracted man-years adjusted for long term leaves per 1 000 inhabitants,2020,NA
Helseregion Sør-Øst (2007-),Total,Other occupations,Contracted man-years adjusted for long term leaves per 1 000 inhabitants,2021,NA
Helseregion Sør-Øst (2007-),Total,Other occupations,Employed persons per 1 000 inhabitants,2008,1.05
Helseregion Sør-Øst (2007-),Total,Other occupations,Employed persons per 1 000 inhabitants,2020,NA
Helseregion Sør-Øst (2007-),Total,Other occupations,Employed persons per 1 000 inhabitants,2021,NA
Helseregion Sør-Øst (2007-),Ambulance service,"Man years, total",Contracted man-years unadjusted for long term leaves,2008,338
Helseregion Sør-Øst (2007-),Ambulance service,"Man years, total",Contracted man-years unadjusted for long term leaves,2020,2462
Helseregion Sør-Øst (2007-),Ambulance service,"Man years, total",Contracted man-years unadjusted for long term leaves,2021,2477
Helseregion Sør-Øst (2007-),Ambulance service,"Man years, total",Contracted man-years adjusted for long term leaves per 1 000 inhabitants,2008,0.12
Helseregion Sør-Øst (2007-),Ambulance service,"Man years, total",Contracted man-years adjusted for long term leaves per 1 000 inhabitants,2020,NA
Helseregion Sør-Øst (2007-),Ambulance service,"Man years, total",Contracted man-years adjusted for long term leaves per 1 000 inhabitants,2021,NA
Helseregion Sør-Øst (2007-),Ambulance service,"Man years, total",Employed persons per 1 000 inhabitants,2008,0.13
Helseregion Sør-Øst (2007-),Ambulance service,"Man years, total",Employed persons per 1 000 inhabitants,2020,NA
Helseregion Sør-Øst (2007-),Ambulance service,"Man years, total",Employed persons per 1 000 inhabitants,2021,NA
Helseregion Sør-Øst (2007-),Ambulance service,"Service, technical  and/or operating procedures",Contracted man-years unadjusted for long term leaves,2008,17
Helseregion Sør-Øst (2007-),Ambulance service,"Service, technical  and/or operating procedures",Contracted man-years unadjusted for long term leaves,2020,40
Helseregion Sør-Øst (2007-),Ambulance service,"Service, technical  and/or operating procedures",Contracted man-years unadjusted for long term leaves,2021,41
Helseregion Sør-Øst (2007-),Ambulance service,"Service, technical  and/or operating procedures",Contracted man-years adjusted for long term leaves per 1 000 inhabitants,2008,0.01
Helseregion Sør-Øst (2007-),Ambulance service,"Service, technical  and/or operating procedures",Contracted man-years adjusted for long term leaves per 1 000 inhabitants,2020,NA
Helseregion Sør-Øst (2007-),Ambulance service,"Service, technical  and/or operating procedures",Contracted man-years adjusted for long term leaves per 1 000 inhabitants,2021,NA
Helseregion Sør-Øst (2007-),Ambulance service,"Service, technical  and/or operating procedures",Employed persons per 1 000 inhabitants,2008,0.01
Helseregion Sør-Øst (2007-),Ambulance service,"Service, technical  and/or operating procedures",Employed persons per 1 000 inhabitants,2020,NA
Helseregion Sør-Øst (2007-),Ambulance service,"Service, technical  and/or operating procedures",Employed persons per 1 000 inhabitants,2021,NA
Helseregion Sør-Øst (2007-),Ambulance service,Other occupations,Contracted man-years unadjusted for long term leaves,2008,NA
Helseregion Sør-Øst (2007-),Ambulance service,Other occupations,Contracted man-years unadjusted for long term leaves,2020,0
Helseregion Sør-Øst (2007-),Ambulance service,Other occupations,Contracted man-years unadjusted for long term leaves,2021,NA
Helseregion Sør-Øst (2007-),Ambulance service,Other occupations,Contracted man-years adjusted for long term leaves per 1 000 inhabitants,2008,NA
Helseregion Sør-Øst (2007-),Ambulance service,Other occupations,Contracted man-years adjusted for long term leaves per 1 000 inhabitants,2020,NA
Helseregion Sør-Øst (2007-),Ambulance service,Other occupations,Contracted man-years adjusted for long term leaves per 1 000 inhabitants,2021,NA
Helseregion Sør-Øst (2007-),Ambulance service,Other occupations,Employed persons per 1 000 inhabitants,2008,NA
Helseregion Sør-Øst (2007-),Ambulance service,Other occupations,Employed persons per 1 000 inhabitants,2020,NA
Helseregion Sør-Øst (2007-),Ambulance service,Other occupations,Employed persons per 1 000 inhabitants,2021,NA
Helseregion Sør-Øst (2007-),Shared services,"Man years, total",Contracted man-years unadjusted for long term leaves,2008,3802
Helseregion Sør-Øst (2007-),Shared services,"Man years, total",Contracted man-years unadjusted for long term leaves,2020,5303
Helseregion Sør-Øst (2007-),Shared services,"Man years, total",Contracted man-years unadjusted for long term leaves,2021,4058
Helseregion Sør-Øst (2007-),Shared services,"Man years, total",Contracted man-years adjusted for long term leaves per 1 000 inhabitants,2008,1.31
Helseregion Sør-Øst (2007-),Shared services,"Man years, total",Contracted man-years adjusted for long term leaves per 1 000 inhabitants,2020,NA
Helseregion Sør-Øst (2007-),Shared services,"Man years, total",Contracted man-years adjusted for long term leaves per 1 000 inhabitants,2021,NA
Helseregion Sør-Øst (2007-),Shared services,"Man years, total",Employed persons per 1 000 inhabitants,2008,1.62
Helseregion Sør-Øst (2007-),Shared services,"Man years, total",Employed persons per 1 000 inhabitants,2020,NA
Helseregion Sør-Øst (2007-),Shared services,"Man years, total",Employed persons per 1 000 inhabitants,2021,NA
Helseregion Sør-Øst (2007-),Shared services,"Service, technical  and/or operating procedures",Contracted man-years unadjusted for long term leaves,2008,820
Helseregion Sør-Øst (2007-),Shared services,"Service, technical  and/or operating procedures",Contracted man-years unadjusted for long term leaves,2020,1129
Helseregion Sør-Øst (2007-),Shared services,"Service, technical  and/or operating procedures",Contracted man-years unadjusted for long term leaves,2021,276
Helseregion Sør-Øst (2007-),Shared services,"Service, technical  and/or operating procedures",Contracted man-years adjusted for long term leaves per 1 000 inhabitants,2008,0.28
Helseregion Sør-Øst (2007-),Shared services,"Service, technical  and/or operating procedures",Contracted man-years adjusted for long term leaves per 1 000 inhabitants,2020,NA
Helseregion Sør-Øst (2007-),Shared services,"Service, technical  and/or operating procedures",Contracted man-years adjusted for long term leaves per 1 000 inhabitants,2021,NA
Helseregion Sør-Øst (2007-),Shared services,"Service, technical  and/or operating procedures",Employed persons per 1 000 inhabitants,2008,0.35
Helseregion Sør-Øst (2007-),Shared services,"Service, technical  and/or operating procedures",Employed persons per 1 000 inhabitants,2020,NA
Helseregion Sør-Øst (2007-),Shared services,"Service, technical  and/or operating procedures",Employed persons per 1 000 inhabitants,2021,NA
Helseregion Sør-Øst (2007-),Shared services,Other occupations,Contracted man-years unadjusted for long term leaves,2008,291
Helseregion Sør-Øst (2007-),Shared services,Other occupations,Contracted man-years unadjusted for long term leaves,2020,123
Helseregion Sør-Øst (2007-),Shared services,Other occupations,Contracted man-years unadjusted for long term leaves,2021,276
Helseregion Sør-Øst (2007-),Shared services,Other occupations,Contracted man-years adjusted for long term leaves per 1 000 inhabitants,2008,0.1
Helseregion Sør-Øst (2007-),Shared services,Other occupations,Contracted man-years adjusted for long term leaves per 1 000 inhabitants,2020,NA
Helseregion Sør-Øst (2007-),Shared services,Other occupations,Contracted man-years adjusted for long term leaves per 1 000 inhabitants,2021,NA
Helseregion Sør-Øst (2007-),Shared services,Other occupations,Employed persons per 1 000 inhabitants,2008,0.17
Helseregion Sør-Øst (2007-),Shared services,Other occupations,Employed persons per 1 000 inhabitants,2020,NA
Helseregion Sør-Øst (2007-),Shared services,Other occupations,Employed persons per 1 000 inhabitants,2021,NA
HELSEREGION SØR-ØST TOTALT,Total,"Man years, total",Contracted man-years unadjusted for long term leaves,2008,NA
HELSEREGION SØR-ØST TOTALT,Total,"Man years, total",Contracted man-years unadjusted for long term leaves,2020,NA
HELSEREGION SØR-ØST TOTALT,Total,"Man years, total",Contracted man-years unadjusted for long term leaves,2021,NA
HELSEREGION SØR-ØST TOTALT,Total,"Man years, total",Contracted man-years adjusted for long term leaves per 1 000 inhabitants,2008,NA
HELSEREGION SØR-ØST TOTALT,Total,"Man years, total",Contracted man-years adjusted for long term leaves per 1 000 inhabitants,2020,NA
HELSEREGION SØR-ØST TOTALT,Total,"Man years, total",Contracted man-years adjusted for long term leaves per 1 000 inhabitants,2021,NA
HELSEREGION SØR-ØST TOTALT,Total,"Man years, total",Employed persons per 1 000 inhabitants,2008,NA
HELSEREGION SØR-ØST TOTALT,Total,"Man years, total",Employed persons per 1 000 inhabitants,2020,NA
HELSEREGION SØR-ØST TOTALT,Total,"Man years, total",Employed persons per 1 000 inhabitants,2021,NA
HELSEREGION SØR-ØST TOTALT,Total,"Service, technical  and/or operating procedures",Contracted man-years unadjusted for long term leaves,2008,NA
HELSEREGION SØR-ØST TOTALT,Total,"Service, technical  and/or operating procedures",Contracted man-years unadjusted for long term leaves,2020,NA
HELSEREGION SØR-ØST TOTALT,Total,"Service, technical  and/or operating procedures",Contracted man-years unadjusted for long term leaves,2021,NA
HELSEREGION SØR-ØST TOTALT,Total,"Service, technical  and/or operating procedures",Contracted man-years adjusted for long term leaves per 1 000 inhabitants,2008,NA
HELSEREGION SØR-ØST TOTALT,Total,"Service, technical  and/or operating procedures",Contracted man-years adjusted for long term leaves per 1 000 inhabitants,2020,NA
HELSEREGION SØR-ØST TOTALT,Total,"Service, technical  and/or operating procedures",Contracted man-years adjusted for long term leaves per 1 000 inhabitants,2021,NA
HELSEREGION SØR-ØST TOTALT,Total,"Service, technical  and/or operating procedures",Employed persons per 1 000 inhabitants,2008,NA
HELSEREGION SØR-ØST TOTALT,Total,"Service, technical  and/or operating procedures",Employed persons per 1 000 inhabitants,2020,NA
HELSEREGION SØR-ØST TOTALT,Total,"Service, technical  and/or operating procedures",Employed persons per 1 000 inhabitants,2021,NA
HELSEREGION SØR-ØST TOTALT,Total,Other occupations,Contracted man-years unadjusted for long term leaves,2008,NA
HELSEREGION SØR-ØST TOTALT,Total,Other occupations,Contracted man-years unadjusted for long term leaves,2020,NA
HELSEREGION SØR-ØST TOTALT,Total,Other occupations,Contracted man-years unadjusted for long term leaves,2021,NA
HELSEREGION SØR-ØST TOTALT,Total,Other occupations,Contracted man-years adjusted for long term leaves per 1 000 inhabitants,2008,NA
HELSEREGION SØR-ØST TOTALT,Total,Other occupations,Contracted man-years adjusted for long term leaves per 1 000 inhabitants,2020,NA
HELSEREGION SØR-ØST TOTALT,Total,Other occupations,Contracted man-years adjusted for long term leaves per 1 000 inhabitants,2021,NA
HELSEREGION SØR-ØST TOTALT,Total,Other occupations,Employed persons per 1 000 inhabitants,2008,NA
HELSEREGION SØR-ØST TOTALT,Total,Other occupations,Employed persons per 1 000 inhabitants,2020,NA
HELSEREGION SØR-ØST TOTALT,Total,Other occupations,Employed persons per 1 000 inhabitants,2021,NA
HELSEREGION SØR-ØST TOTALT,Ambulance service,"Man years, total",Contracted man-years unadjusted for long term leaves,2008,NA
HELSEREGION SØR-ØST TOTALT,Ambulance service,"Man years, total",Contracted man-years unadjusted for long term leaves,2020,NA
HELSEREGION SØR-ØST TOTALT,Ambulance service,"Man years, total",Contracted man-years unadjusted for long term leaves,2021,NA
HELSEREGION SØR-ØST TOTALT,Ambulance service,"Man years, total",Contracted man-years adjusted for long term leaves per 1 000 inhabitants,2008,NA
HELSEREGION SØR-ØST TOTALT,Ambulance service,"Man years, total",Contracted man-years adjusted for long term leaves per 1 000 inhabitants,2020,NA
HELSEREGION SØR-ØST TOTALT,Ambulance service,"Man years, total",Contracted man-years adjusted for long term leaves per 1 000 inhabitants,2021,NA
HELSEREGION SØR-ØST TOTALT,Ambulance service,"Man years, total",Employed persons per 1 000 inhabitants,2008,NA
HELSEREGION SØR-ØST TOTALT,Ambulance service,"Man years, total",Employed persons per 1 000 inhabitants,2020,NA
HELSEREGION SØR-ØST TOTALT,Ambulance service,"Man years, total",Employed persons per 1 000 inhabitants,2021,NA
HELSEREGION SØR-ØST TOTALT,Ambulance service,"Service, technical  and/or operating procedures",Contracted man-years unadjusted for long term leaves,2008,NA
HELSEREGION SØR-ØST TOTALT,Ambulance service,"Service, technical  and/or operating procedures",Contracted man-years unadjusted for long term leaves,2020,NA
HELSEREGION SØR-ØST TOTALT,Ambulance service,"Service, technical  and/or operating procedures",Contracted man-years unadjusted for long term leaves,2021,NA
HELSEREGION SØR-ØST TOTALT,Ambulance service,"Service, technical  and/or operating procedures",Contracted man-years adjusted for long term leaves per 1 000 inhabitants,2008,NA
HELSEREGION SØR-ØST TOTALT,Ambulance service,"Service, technical  and/or operating procedures",Contracted man-years adjusted for long term leaves per 1 000 inhabitants,2020,NA
HELSEREGION SØR-ØST TOTALT,Ambulance service,"Service, technical  and/or operating procedures",Contracted man-years adjusted for long term leaves per 1 000 inhabitants,2021,NA
HELSEREGION SØR-ØST TOTALT,Ambulance service,"Service, technical  and/or operating procedures",Employed persons per 1 000 inhabitants,2008,NA
HELSEREGION SØR-ØST TOTALT,Ambulance service,"Service, technical  and/or operating procedures",Employed persons per 1 000 inhabitants,2020,NA
HELSEREGION SØR-ØST TOTALT,Ambulance service,"Service, technical  and/or operating procedures",Employed persons per 1 000 inhabitants,2021,NA
HELSEREGION SØR-ØST TOTALT,Ambulance service,Other occupations,Contracted man-years unadjusted for long term leaves,2008,NA
HELSEREGION SØR-ØST TOTALT,Ambulance service,Other occupations,Contracted man-years unadjusted for long term leaves,2020,NA
HELSEREGION SØR-ØST TOTALT,Ambulance service,Other occupations,Contracted man-years unadjusted for long term leaves,2021,NA
HELSEREGION SØR-ØST TOTALT,Ambulance service,Other occupations,Contracted man-years adjusted for long term leaves per 1 000 inhabitants,2008,NA
HELSEREGION SØR-ØST TOTALT,Ambulance service,Other occupations,Contracted man-years adjusted for long term leaves per 1 000 inhabitants,2020,NA
HELSEREGION SØR-ØST TOTALT,Ambulance service,Other occupations,Contracted man-years adjusted for long term leaves per 1 000 inhabitants,2021,NA
HELSEREGION SØR-ØST TOTALT,Ambulance service,Other occupations,Employed persons per 1 000 inhabitants,2008,NA
HELSEREGION SØR-ØST TOTALT,Ambulance service,Other occupations,Employed persons per 1 000 inhabitants,2020,NA
HELSEREGION SØR-ØST TOTALT,Ambulance service,Other occupations,Employed persons per 1 000 inhabitants,2021,NA
HELSEREGION SØR-ØST TOTALT,Shared services,"Man years, total",Contracted man-years unadjusted for long term leaves,2008,NA
HELSEREGION SØR-ØST TOTALT,Shared services,"Man years, total",Contracted man-years unadjusted for long term leaves,2020,NA
HELSEREGION SØR-ØST TOTALT,Shared services,"Man years, total",Contracted man-years unadjusted for long term leaves,2021,NA
HELSEREGION SØR-ØST TOTALT,Shared services,"Man years, total",Contracted man-years adjusted for long term leaves per 1 000 inhabitants,2008,NA
HELSEREGION SØR-ØST TOTALT,Shared services,"Man years, total",Contracted man-years adjusted for long term leaves per 1 000 inhabitants,2020,NA
HELSEREGION SØR-ØST TOTALT,Shared services,"Man years, total",Contracted man-years adjusted for long term leaves per 1 000 inhabitants,2021,NA
HELSEREGION SØR-ØST TOTALT,Shared services,"Man years, total",Employed persons per 1 000 inhabitants,2008,NA
HELSEREGION SØR-ØST TOTALT,Shared services,"Man years, total",Employed persons per 1 000 inhabitants,2020,NA
HELSEREGION SØR-ØST TOTALT,Shared services,"Man years, total",Employed persons per 1 000 inhabitants,2021,NA
HELSEREGION SØR-ØST TOTALT,Shared services,"Service, technical  and/or operating procedures",Contracted man-years unadjusted for long term leaves,2008,NA
HELSEREGION SØR-ØST TOTALT,Shared services,"Service, technical  and/or operating procedures",Contracted man-years unadjusted for long term leaves,2020,NA
HELSEREGION SØR-ØST TOTALT,Shared services,"Service, technical  and/or operating procedures",Contracted man-years unadjusted for long term leaves,2021,NA
HELSEREGION SØR-ØST TOTALT,Shared services,"Service, technical  and/or operating procedures",Contracted man-years adjusted for long term leaves per 1 000 inhabitants,2008,NA
HELSEREGION SØR-ØST TOTALT,Shared services,"Service, technical  and/or operating procedures",Contracted man-years adjusted for long term leaves per 1 000 inhabitants,2020,NA
HELSEREGION SØR-ØST TOTALT,Shared services,"Service, technical  and/or operating procedures",Contracted man-years adjusted for long term leaves per 1 000 inhabitants,2021,NA
HELSEREGION SØR-ØST TOTALT,Shared services,"Service, technical  and/or operating procedures",Employed persons per 1 000 inhabitants,2008,NA
HELSEREGION SØR-ØST TOTALT,Shared services,"Service, technical  and/or operating procedures",Employed persons per 1 000 inhabitants,2020,NA
HELSEREGION SØR-ØST TOTALT,Shared services,"Service, technical  and/or operating procedures",Employed persons per 1 000 inhabitants,2021,NA
HELSEREGION SØR-ØST TOTALT,Shared services,Other occupations,Contracted man-years unadjusted for long term leaves,2008,NA
HELSEREGION SØR-ØST TOTALT,Shared services,Other occupations,Contracted man-years unadjusted for long term leaves,2020,NA
HELSEREGION SØR-ØST TOTALT,Shared services,Other occupations,Contracted man-years unadjusted for long term leaves,2021,NA
HELSEREGION SØR-ØST TOTALT,Shared services,Other occupations,Contracted man-years adjusted for long term leaves per 1 000 inhabitants,2008,NA
HELSEREGION SØR-ØST TOTALT,Shared services,Other occupations,Contracted man-years adjusted for long term leaves per 1 000 inhabitants,2020,NA
HELSEREGION SØR-ØST TOTALT,Shared services,Other occupations,Contracted man-years adjusted for long term leaves per 1 000 inhabitants,2021,NA
HELSEREGION SØR-ØST TOTALT,Shared services,Other occupations,Employed persons per 1 000 inhabitants,2008,NA
HELSEREGION SØR-ØST TOTALT,Shared services,Other occupations,Employed persons per 1 000 inhabitants,2020,NA
HELSEREGION SØR-ØST TOTALT,Shared services,Other occupations,Employed persons per 1 000 inhabitants,2021,NA
Private inst. m/ driftsavtale Helseregion Sør-Øst,Total,"Man years, total",Contracted man-years unadjusted for long term leaves,2008,NA
Private inst. m/ driftsavtale Helseregion Sør-Øst,Total,"Man years, total",Contracted man-years unadjusted for long term leaves,2020,NA
Private inst. m/ driftsavtale Helseregion Sør-Øst,Total,"Man years, total",Contracted man-years unadjusted for long term leaves,2021,NA
Private inst. m/ driftsavtale Helseregion Sør-Øst,Total,"Man years, total",Contracted man-years adjusted for long term leaves per 1 000 inhabitants,2008,NA
Private inst. m/ driftsavtale Helseregion Sør-Øst,Total,"Man years, total",Contracted man-years adjusted for long term leaves per 1 000 inhabitants,2020,NA
Private inst. m/ driftsavtale Helseregion Sør-Øst,Total,"Man years, total",Contracted man-years adjusted for long term leaves per 1 000 inhabitants,2021,NA
Private inst. m/ driftsavtale Helseregion Sør-Øst,Total,"Man years, total",Employed persons per 1 000 inhabitants,2008,NA
Private inst. m/ driftsavtale Helseregion Sør-Øst,Total,"Man years, total",Employed persons per 1 000 inhabitants,2020,NA
Private inst. m/ driftsavtale Helseregion Sør-Øst,Total,"Man years, total",Employed persons per 1 000 inhabitants,2021,NA
Private inst. m/ driftsavtale Helseregion Sør-Øst,Total,"Service, technical  and/or operating procedures",Contracted man-years unadjusted for long term leaves,2008,NA
Private inst. m/ driftsavtale Helseregion Sør-Øst,Total,"Service, technical  and/or operating procedures",Contracted man-years unadjusted for long term leaves,2020,NA
Private inst. m/ driftsavtale Helseregion Sør-Øst,Total,"Service, technical  and/or operating procedures",Contracted man-years unadjusted for long term leaves,2021,NA
Private inst. m/ driftsavtale Helseregion Sør-Øst,Total,"Service, technical  and/or operating procedures",Contracted man-years adjusted for long term leaves per 1 000 inhabitants,2008,NA
Private inst. m/ driftsavtale Helseregion Sør-Øst,Total,"Service, technical  and/or operating procedures",Contracted man-years adjusted for long term leaves per 1 000 inhabitants,2020,NA
Private inst. m/ driftsavtale Helseregion Sør-Øst,Total,"Service, technical  and/or operating procedures",Contracted man-years adjusted for long term leaves per 1 000 inhabitants,2021,NA
Private inst. m/ driftsavtale Helseregion Sør-Øst,Total,"Service, technical  and/or operating procedures",Employed persons per 1 000 inhabitants,2008,NA
Private inst. m/ driftsavtale Helseregion Sør-Øst,Total,"Service, technical  and/or operating procedures",Employed persons per 1 000 inhabitants,2020,NA
Private inst. m/ driftsavtale Helseregion Sør-Øst,Total,"Service, technical  and/or operating procedures",Employed persons per 1 000 inhabitants,2021,NA
Private inst. m/ driftsavtale Helseregion Sør-Øst,Total,Other occupations,Contracted man-years unadjusted for long term leaves,2008,NA
Private inst. m/ driftsavtale Helseregion Sør-Øst,Total,Other occupations,Contracted man-years unadjusted for long term leaves,2020,NA
Private inst. m/ driftsavtale Helseregion Sør-Øst,Total,Other occupations,Contracted man-years unadjusted for long term leaves,2021,NA
Private inst. m/ driftsavtale Helseregion Sør-Øst,Total,Other occupations,Contracted man-years adjusted for long term leaves per 1 000 inhabitants,2008,NA
Private inst. m/ driftsavtale Helseregion Sør-Øst,Total,Other occupations,Contracted man-years adjusted for long term leaves per 1 000 inhabitants,2020,NA
Private inst. m/ driftsavtale Helseregion Sør-Øst,Total,Other occupations,Contracted man-years adjusted for long term leaves per 1 000 inhabitants,2021,NA
Private inst. m/ driftsavtale Helseregion Sør-Øst,Total,Other occupations,Employed persons per 1 000 inhabitants,2008,NA
Private inst. m/ driftsavtale Helseregion Sør-Øst,Total,Other occupations,Employed persons per 1 000 inhabitants,2020,NA
Private inst. m/ driftsavtale Helseregion Sør-Øst,Total,Other occupations,Employed persons per 1 000 inhabitants,2021,NA
Private inst. m/ driftsavtale Helseregion Sør-Øst,Ambulance service,"Man years, total",Contracted man-years unadjusted for long term leaves,2008,NA
Private inst. m/ driftsavtale Helseregion Sør-Øst,Ambulance service,"Man years, total",Contracted man-years unadjusted for long term leaves,2020,NA
Private inst. m/ driftsavtale Helseregion Sør-Øst,Ambulance service,"Man years, total",Contracted man-years unadjusted for long term leaves,2021,NA
Private inst. m/ driftsavtale Helseregion Sør-Øst,Ambulance service,"Man years, total",Contracted man-years adjusted for long term leaves per 1 000 inhabitants,2008,NA
Private inst. m/ driftsavtale Helseregion Sør-Øst,Ambulance service,"Man years, total",Contracted man-years adjusted for long term leaves per 1 000 inhabitants,2020,NA
Private inst. m/ driftsavtale Helseregion Sør-Øst,Ambulance service,"Man years, total",Contracted man-years adjusted for long term leaves per 1 000 inhabitants,2021,NA
Private inst. m/ driftsavtale Helseregion Sør-Øst,Ambulance service,"Man years, total",Employed persons per 1 000 inhabitants,2008,NA
Private inst. m/ driftsavtale Helseregion Sør-Øst,Ambulance service,"Man years, total",Employed persons per 1 000 inhabitants,2020,NA
Private inst. m/ driftsavtale Helseregion Sør-Øst,Ambulance service,"Man years, total",Employed persons per 1 000 inhabitants,2021,NA
Private inst. m/ driftsavtale Helseregion Sør-Øst,Ambulance service,"Service, technical  and/or operating procedures",Contracted man-years unadjusted for long term leaves,2008,NA
Private inst. m/ driftsavtale Helseregion Sør-Øst,Ambulance service,"Service, technical  and/or operating procedures",Contracted man-years unadjusted for long term leaves,2020,NA
Private inst. m/ driftsavtale Helseregion Sør-Øst,Ambulance service,"Service, technical  and/or operating procedures",Contracted man-years unadjusted for long term leaves,2021,NA
Private inst. m/ driftsavtale Helseregion Sør-Øst,Ambulance service,"Service, technical  and/or operating procedures",Contracted man-years adjusted for long term leaves per 1 000 inhabitants,2008,NA
Private inst. m/ driftsavtale Helseregion Sør-Øst,Ambulance service,"Service, technical  and/or operating procedures",Contracted man-years adjusted for long term leaves per 1 000 inhabitants,2020,NA
Private inst. m/ driftsavtale Helseregion Sør-Øst,Ambulance service,"Service, technical  and/or operating procedures",Contracted man-years adjusted for long term leaves per 1 000 inhabitants,2021,NA
Private inst. m/ driftsavtale Helseregion Sør-Øst,Ambulance service,"Service, technical  and/or operating procedures",Employed persons per 1 000 inhabitants,2008,NA
Private inst. m/ driftsavtale Helseregion Sør-Øst,Ambulance service,"Service, technical  and/or operating procedures",Employed persons per 1 000 inhabitants,2020,NA
Private inst. m/ driftsavtale Helseregion Sør-Øst,Ambulance service,"Service, technical  and/or operating procedures",Employed persons per 1 000 inhabitants,2021,NA
Private inst. m/ driftsavtale Helseregion Sør-Øst,Ambulance service,Other occupations,Contracted man-years unadjusted for long term leaves,2008,NA
Private inst. m/ driftsavtale Helseregion Sør-Øst,Ambulance service,Other occupations,Contracted man-years unadjusted for long term leaves,2020,NA
Private inst. m/ driftsavtale Helseregion Sør-Øst,Ambulance service,Other occupations,Contracted man-years unadjusted for long term leaves,2021,NA
Private inst. m/ driftsavtale Helseregion Sør-Øst,Ambulance service,Other occupations,Contracted man-years adjusted for long term leaves per 1 000 inhabitants,2008,NA
Private inst. m/ driftsavtale Helseregion Sør-Øst,Ambulance service,Other occupations,Contracted man-years adjusted for long term leaves per 1 000 inhabitants,2020,NA
Private inst. m/ driftsavtale Helseregion Sør-Øst,Ambulance service,Other occupations,Contracted man-years adjusted for long term leaves per 1 000 inhabitants,2021,NA
Private inst. m/ driftsavtale Helseregion Sør-Øst,Ambulance service,Other occupations,Employed persons per 1 000 inhabitants,2008,NA
Private inst. m/ driftsavtale Helseregion Sør-Øst,Ambulance service,Other occupations,Employed persons per 1 000 inhabitants,2020,NA
Private inst. m/ driftsavtale Helseregion Sør-Øst,Ambulance service,Other occupations,Employed persons per 1 000 inhabitants,2021,NA
Private inst. m/ driftsavtale Helseregion Sør-Øst,Shared services,"Man years, total",Contracted man-years unadjusted for long term leaves,2008,NA
Private inst. m/ driftsavtale Helseregion Sør-Øst,Shared services,"Man years, total",Contracted man-years unadjusted for long term leaves,2020,NA
Private inst. m/ driftsavtale Helseregion Sør-Øst,Shared services,"Man years, total",Contracted man-years unadjusted for long term leaves,2021,NA
Private inst. m/ driftsavtale Helseregion Sør-Øst,Shared services,"Man years, total",Contracted man-years adjusted for long term leaves per 1 000 inhabitants,2008,NA
Private inst. m/ driftsavtale Helseregion Sør-Øst,Shared services,"Man years, total",Contracted man-years adjusted for long term leaves per 1 000 inhabitants,2020,NA
Private inst. m/ driftsavtale Helseregion Sør-Øst,Shared services,"Man years, total",Contracted man-years adjusted for long term leaves per 1 000 inhabitants,2021,NA
Private inst. m/ driftsavtale Helseregion Sør-Øst,Shared services,"Man years, total",Employed persons per 1 000 inhabitants,2008,NA
Private inst. m/ driftsavtale Helseregion Sør-Øst,Shared services,"Man years, total",Employed persons per 1 000 inhabitants,2020,NA
Private inst. m/ driftsavtale Helseregion Sør-Øst,Shared services,"Man years, total",Employed persons per 1 000 inhabitants,2021,NA
Private inst. m/ driftsavtale Helseregion Sør-Øst,Shared services,"Service, technical  and/or operating procedures",Contracted man-years unadjusted for long term leaves,2008,NA
Private inst. m/ driftsavtale Helseregion Sør-Øst,Shared services,"Service, technical  and/or operating procedures",Contracted man-years unadjusted for long term leaves,2020,NA
Private inst. m/ driftsavtale Helseregion Sør-Øst,Shared services,"Service, technical  and/or operating procedures",Contracted man-years unadjusted for long term leaves,2021,NA
Private inst. m/ driftsavtale Helseregion Sør-Øst,Shared services,"Service, technical  and/or operating procedures",Contracted man-years adjusted for long term leaves per 1 000 inhabitants,2008,NA
Private inst. m/ driftsavtale Helseregion Sør-Øst,Shared services,"Service, technical  and/or operating procedures",Contracted man-years adjusted for long term leaves per 1 000 inhabitants,2020,NA
Private inst. m/ driftsavtale Helseregion Sør-Øst,Shared services,"Service, technical  and/or operating procedures",Contracted man-years adjusted for long term leaves per 1 000 inhabitants,2021,NA
Private inst. m/ driftsavtale Helseregion Sør-Øst,Shared services,"Service, technical  and/or operating procedures",Employed persons per 1 000 inhabitants,2008,NA
Private inst. m/ driftsavtale Helseregion Sør-Øst,Shared services,"Service, technical  and/or operating procedures",Employed persons per 1 000 inhabitants,2020,NA
Private inst. m/ driftsavtale Helseregion Sør-Øst,Shared services,"Service, technical  and/or operating procedures",Employed persons per 1 000 inhabitants,2021,NA
Private inst. m/ driftsavtale Helseregion Sør-Øst,Shared services,Other occupations,Contracted man-years unadjusted for long term leaves,2008,NA
Private inst. m/ driftsavtale Helseregion Sør-Øst,Shared services,Other occupations,Contracted man-years unadjusted for long term leaves,2020,NA
Private inst. m/ driftsavtale Helseregion Sør-Øst,Shared services,Other occupations,Contracted man-years unadjusted for long term leaves,2021,NA
Private inst. m/ driftsavtale Helseregion Sør-Øst,Shared services,Other occupations,Contracted man-years adjusted for long term leaves per 1 000 inhabitants,2008,NA
Private inst. m/ driftsavtale Helseregion Sør-Øst,Shared services,Other occupations,Contracted man-years adjusted for long term leaves per 1 000 inhabitants,2020,NA
Private inst. m/ driftsavtale Helseregion Sør-Øst,Shared services,Other occupations,Contracted man-years adjusted for long term leaves per 1 000 inhabitants,2021,NA
Private inst. m/ driftsavtale Helseregion Sør-Øst,Shared services,Other occupations,Employed persons per 1 000 inhabitants,2008,NA
Private inst. m/ driftsavtale Helseregion Sør-Øst,Shared services,Other occupations,Employed persons per 1 000 inhabitants,2020,NA
Private inst. m/ driftsavtale Helseregion Sør-Øst,Shared services,Other occupations,Employed persons per 1 000 inhabitants,2021,NA
